650,0
1658,1
3142,2
3962,3
4858,4
3007,5
1152,6
225,7
5634,8
3281,9
4435,10
5413,11
180,12
3051,13
5938,14
5200,15
2985,16
3383,17
3931,18
4272,19
3951,20
5686,21
5406,22
967,23
2826,24
5393,25
5673,26
4918,27
1294,28
1267,29
5922,30
787,31
5288,32
1506,33
3572,34
1773,35
1255,36
449,37
4104,38
5813,39
3251,40
5595,41
4848,42
1535,43
3313,44
591,45
1591,46
2088,47
4655,48
4869,49
405,50
2374,51
1117,52
2720,53
3680,54
5158,55
3977,56
893,57
4709,58
3759,59
5070,60
613,61
429,62
2343,63
1919,64
756,65
2498,66
344,67
1383,68
2074,69
936,70
4359,71
5383,72
2854,73
4389,74
5009,75
3161,76
1692,77
1405,78
418,79
3246,80
5326,81
4801,82
4963,83
5667,84
4772,85
2247,86
5890,87
3190,88
5531,89
2674,90
1098,91
5718,92
312,93
5738,94
2321,95
1100,96
589,97
767,98
4770,99
3056,100
2688,101
34,102
5401,103
1968,104
2863,105
2174,106
1039,107
3090,108
3543,109
3751,110
4743,111
1251,112
3081,113
3684,114
1906,115
201,116
972,117
4681,118
4438,119
2866,120
4221,121
4648,122
3042,123
2698,124
4532,125
3687,126
3708,127
3153,128
4448,129
3097,130
3876,131
1791,132
4021,133
2952,134
4988,135
268,136
4873,137
1761,138
4592,139
284,140
2000,141
5657,142
4859,143
1703,144
5969,145
1930,146
818,147
2968,148
3377,149
4323,150
4692,151
3828,152
1130,153
50,154
5033,155
2507,156
470,157
5777,158
2556,159
2715,160
4484,161
2341,162
5376,163
3077,164
3794,165
5053,166
388,167
2286,168
5508,169
2085,170
1072,171
302,172
598,173
446,174
2084,175
1054,176
5212,177
4434,178
1631,179
244,180
5832,181
4190,182
5098,183
4855,184
5486,185
883,186
1651,187
5277,188
3301,189
1973,190
362,191
1352,192
719,193
5047,194
3605,195
734,196
3638,197
2214,198
3878,199
1167,200
5396,201
4983,202
2748,203
2325,204
1123,205
245,206
3079,207
2987,208
4514,209
2625,210
3540,211
3384,212
5612,213
5514,214
4075,215
2151,216
725,217
4666,218
4726,219
843,220
2202,221
1078,222
3294,223
5688,224
156,225
784,226
460,227
1303,228
526,229
2060,230
5593,231
3279,232
5219,233
1003,234
68,235
5862,236
2533,237
834,238
3166,239
517,240
739,241
5649,242
4248,243
4307,244
3541,245
4071,246
5923,247
3382,248
5799,249
5190,250
1489,251
1745,252
4844,253
4570,254
4977,255
4662,256
4377,257
2439,258
3523,259
3314,260
3603,261
1519,262
5340,263
3545,264
3748,265
794,266
1575,267
630,268
1753,269
4793,270
3849,271
5036,272
29,273
4981,274
4601,275
755,276
1878,277
2455,278
3823,279
2452,280
3159,281
1616,282
5716,283
4785,284
1971,285
2346,286
2793,287
5811,288
1173,289
1143,290
4315,291
2807,292
1827,293
1862,294
4939,295
2447,296
3435,297
64,298
4517,299
593,300
3400,301
3464,302
2593,303
4653,304
2349,305
3832,306
2181,307
3368,308
1248,309
4168,310
500,311
808,312
895,313
3801,314
538,315
112,316
4044,317
5724,318
3618,319
2897,320
2063,321
3740,322
555,323
1391,324
5997,325
5730,326
1244,327
3875,328
4574,329
3722,330
740,331
1622,332
5422,333
274,334
4898,335
4265,336
5663,337
1799,338
1260,339
5562,340
480,341
5191,342
5825,343
3480,344
621,345
698,346
2255,347
5494,348
5905,349
1518,350
4245,351
882,352
2778,353
5179,354
4205,355
3073,356
1680,357
5548,358
1660,359
3889,360
4182,361
4442,362
1442,363
3242,364
4053,365
3113,366
1846,367
328,368
2665,369
1888,370
5147,371
2693,372
796,373
1789,374
189,375
1227,376
1560,377
2795,378
3337,379
2551,380
443,381
804,382
705,383
1912,384
5640,385
2316,386
2949,387
4712,388
1673,389
4462,390
2260,391
3857,392
5501,393
2859,394
3379,395
5336,396
101,397
3310,398
3463,399
1643,400
3745,401
3438,402
5968,403
327,404
5323,405
1682,406
3367,407
2739,408
1189,409
4066,410
4469,411
228,412
670,413
185,414
3270,415
4998,416
3855,417
2545,418
1513,419
1633,420
4378,421
5769,422
4208,423
5298,424
4395,425
863,426
2320,427
281,428
3378,429
3070,430
3202,431
2018,432
2287,433
5311,434
4789,435
422,436
1555,437
5981,438
1562,439
5537,440
2301,441
3104,442
3884,443
2960,444
4247,445
3231,446
5290,447
5297,448
3891,449
4412,450
959,451
3555,452
1487,453
4617,454
1734,455
1356,456
5996,457
746,458
930,459
3993,460
1269,461
2643,462
1974,463
5399,464
4961,465
3124,466
2066,467
6013,468
3152,469
4827,470
2197,471
5631,472
3766,473
5639,474
3249,475
855,476
1695,477
1563,478
4550,479
4736,480
576,481
3043,482
4587,483
2400,484
271,485
978,486
4984,487
3732,488
4140,489
5805,490
997,491
4324,492
884,493
2421,494
296,495
5138,496
300,497
1455,498
4833,499
490,500
5302,501
5722,502
5382,503
4218,504
4133,505
4575,506
3230,507
5069,508
3241,509
905,510
1966,511
410,512
1110,513
3879,514
1290,515
221,516
3769,517
2829,518
2595,519
4384,520
2098,521
3747,522
3430,523
643,524
5571,525
2628,526
2569,527
5680,528
6027,529
2274,530
3064,531
597,532
303,533
2650,534
1166,535
1679,536
549,537
5000,538
4163,539
5222,540
2491,541
2405,542
5736,543
5939,544
669,545
1950,546
5259,547
1900,548
3980,549
3784,550
1863,551
2485,552
230,553
4920,554
5223,555
3985,556
5167,557
1095,558
2510,559
3668,560
482,561
437,562
1149,563
148,564
2806,565
5689,566
4951,567
3736,568
4753,569
3195,570
4954,571
2431,572
933,573
4400,574
5475,575
553,576
2814,577
518,578
1685,579
5760,580
505,581
2669,582
3573,583
5597,584
4620,585
2064,586
817,587
5676,588
5790,589
5351,590
1016,591
1196,592
5091,593
3982,594
77,595
1503,596
3288,597
2261,598
1172,599
3423,600
4582,601
2204,602
3239,603
1345,604
4009,605
166,606
3481,607
4960,608
586,609
2344,610
3304,611
1281,612
1041,613
462,614
1579,615
2042,616
5878,617
3278,618
3941,619
3602,620
5553,621
5846,622
2432,623
1114,624
1462,625
5829,626
4087,627
4867,628
4074,629
5023,630
4985,631
5815,632
2454,633
4204,634
5348,635
4849,636
5702,637
1598,638
4101,639
4708,640
5370,641
3,642
2006,643
4588,644
3500,645
2335,646
1199,647
4386,648
504,649
2245,650
3129,651
842,652
4689,653
1543,654
4174,655
1841,656
2223,657
4700,658
1129,659
5782,660
4115,661
467,662
340,663
2508,664
2307,665
5853,666
5723,667
5845,668
261,669
2022,670
749,671
3922,672
2370,673
1261,674
1749,675
5915,676
4025,677
4141,678
4238,679
3538,680
456,681
5642,682
854,683
2153,684
4261,685
251,686
5169,687
4563,688
5888,689
2945,690
2837,691
1005,692
728,693
3065,694
5883,695
3054,696
2444,697
5547,698
3813,699
2741,700
5650,701
1697,702
5221,703
2776,704
2531,705
627,706
4341,707
1160,708
3853,709
2983,710
3217,711
246,712
3349,713
1011,714
5202,715
866,716
5706,717
4467,718
2052,719
375,720
5785,721
3564,722
1696,723
1954,724
4953,725
5395,726
1465,727
3851,728
4361,729
5196,730
4449,731
4036,732
3260,733
3445,734
1364,735
3494,736
334,737
3968,738
5912,739
1946,740
1031,741
184,742
5787,743
605,744
1470,745
5333,746
19,747
2913,748
3201,749
5976,750
2544,751
3820,752
6007,753
1224,754
3332,755
2367,756
4565,757
6008,758
1445,759
5734,760
1239,761
3136,762
4311,763
1981,764
5153,765
3693,766
5812,767
3450,768
4020,769
3893,770
458,771
1775,772
6011,773
455,774
2832,775
2031,776
1258,777
4122,778
2259,779
3269,780
4376,781
5458,782
5946,783
3806,784
3347,785
5002,786
5671,787
4600,788
2666,789
899,790
676,791
3911,792
664,793
2299,794
509,795
1786,796
265,797
1402,798
4193,799
6024,800
2700,801
2959,802
1428,803
738,804
3474,805
1552,806
2986,807
4233,808
2839,809
720,810
4962,811
1963,812
1764,813
416,814
1287,815
2976,816
4312,817
2921,818
5353,819
5092,820
329,821
1922,822
3181,823
2525,824
800,825
4941,826
693,827
2808,828
3791,829
3674,830
4774,831
1571,832
1069,833
4585,834
3723,835
1483,836
1915,837
5273,838
5030,839
1430,840
870,841
3640,842
631,843
4076,844
5717,845
1726,846
401,847
3000,848
556,849
1572,850
4191,851
4027,852
2365,853
813,854
3730,855
4825,856
3608,857
3975,858
5980,859
1647,860
3069,861
1478,862
5056,863
6021,864
1131,865
2265,866
1965,867
234,868
2469,869
6006,870
4349,871
5788,872
3589,873
3389,874
4650,875
9,876
2812,877
2689,878
2249,879
2291,880
1638,881
3604,882
3233,883
2489,884
3534,885
5240,886
1721,887
3394,888
998,889
4800,890
707,891
5709,892
1605,893
5086,894
105,895
5492,896
4931,897
2025,898
348,899
5095,900
4226,901
4919,902
3014,903
2102,904
3764,905
1378,906
918,907
4011,908
183,909
3671,910
333,911
257,912
1736,913
5779,914
773,915
4797,916
3366,917
3358,918
2100,919
4237,920
686,921
5460,922
2579,923
107,924
2563,925
5567,926
454,927
4309,928
5705,929
4645,930
2588,931
2425,932
2935,933
3834,934
2136,935
651,936
5732,937
4229,938
441,939
5481,940
2395,941
4630,942
411,943
407,944
837,945
1544,946
5250,947
1158,948
5584,949
5520,950
4739,951
4889,952
6033,953
3471,954
582,955
229,956
4629,957
1115,958
252,959
3171,960
5176,961
5268,962
5670,963
5442,964
2581,965
5058,966
3890,967
3715,968
103,969
948,970
4121,971
1842,972
5064,973
1667,974
2632,975
2680,976
5452,977
1306,978
1977,979
628,980
3409,981
3887,982
5103,983
4358,984
2446,985
2912,986
1826,987
2239,988
667,989
4155,990
3689,991
2020,992
4414,993
1439,994
5445,995
3810,996
4480,997
498,998
1661,999
202,1000
5126,1001
3569,1002
5331,1003
3053,1004
5860,1005
5418,1006
6023,1007
4818,1008
569,1009
5157,1010
5245,1011
134,1012
3718,1013
3928,1014
1904,1015
5768,1016
3624,1017
5180,1018
1090,1019
4137,1020
4698,1021
5485,1022
4476,1023
2936,1024
2721,1025
390,1026
4005,1027
4236,1028
96,1029
4610,1030
1672,1031
75,1032
3989,1033
1222,1034
4179,1035
3197,1036
1102,1037
4917,1038
4090,1039
5267,1040
1231,1041
4344,1042
3937,1043
87,1044
4416,1045
420,1046
1395,1047
3439,1048
5472,1049
5115,1050
5510,1051
1124,1052
4267,1053
5526,1054
1829,1055
3208,1056
289,1057
3229,1058
5741,1059
4947,1060
3267,1061
4083,1062
2393,1063
3264,1064
768,1065
573,1066
3567,1067
1752,1068
1030,1069
4831,1070
4850,1071
5361,1072
5480,1073
4366,1074
5824,1075
1548,1076
1652,1077
1000,1078
4543,1079
2229,1080
4746,1081
2620,1082
3478,1083
3114,1084
5161,1085
4439,1086
1628,1087
1137,1088
3808,1089
1437,1090
3949,1091
4783,1092
4512,1093
3336,1094
5821,1095
964,1096
5864,1097
5371,1098
4997,1099
3981,1100
2218,1101
4927,1102
3850,1103
4049,1104
1856,1105
3976,1106
5139,1107
1023,1108
2503,1109
2077,1110
1043,1111
5020,1112
4523,1113
2740,1114
5211,1115
2841,1116
5425,1117
1491,1118
2996,1119
2053,1120
2211,1121
389,1122
4095,1123
3338,1124
5477,1125
2772,1126
5766,1127
3486,1128
5838,1129
1756,1130
3964,1131
1074,1132
5140,1133
536,1134
3955,1135
3948,1136
2138,1137
3742,1138
4109,1139
1917,1140
5626,1141
2847,1142
483,1143
3442,1144
5807,1145
4288,1146
2466,1147
1857,1148
2158,1149
5315,1150
1026,1151
4777,1152
4342,1153
2076,1154
1368,1155
3518,1156
4723,1157
3818,1158
5431,1159
2631,1160
2905,1161
4200,1162
4125,1163
875,1164
3799,1165
2331,1166
4854,1167
1926,1168
578,1169
4350,1170
2938,1171
359,1172
618,1173
5074,1174
3762,1175
2708,1176
1469,1177
2765,1178
4542,1179
3926,1180
1790,1181
1079,1182
3211,1183
5871,1184
987,1185
256,1186
4704,1187
1936,1188
1184,1189
3191,1190
5242,1191
2127,1192
5332,1193
2554,1194
4098,1195
2726,1196
4605,1197
5045,1198
4045,1199
2441,1200
2785,1201
1546,1202
1444,1203
5307,1204
2256,1205
4489,1206
310,1207
3775,1208
39,1209
1218,1210
205,1211
4551,1212
2081,1213
1020,1214
2215,1215
475,1216
747,1217
1851,1218
165,1219
26,1220
116,1221
5300,1222
716,1223
4447,1224
1816,1225
2697,1226
126,1227
339,1228
5507,1229
3679,1230
1910,1231
133,1232
355,1233
2437,1234
780,1235
4910,1236
1065,1237
1533,1238
5588,1239
2030,1240
1720,1241
145,1242
3280,1243
5784,1244
4031,1245
4781,1246
939,1247
1587,1248
236,1249
2426,1250
3444,1251
3290,1252
3790,1253
2355,1254
845,1255
2876,1256
1205,1257
4820,1258
2159,1259
1902,1260
3437,1261
4387,1262
2762,1263
4441,1264
1082,1265
2281,1266
3860,1267
2233,1268
350,1269
4968,1270
1743,1271
878,1272
2499,1273
5792,1274
2754,1275
242,1276
5793,1277
4356,1278
1818,1279
2781,1280
2423,1281
1080,1282
4262,1283
764,1284
4275,1285
5271,1286
423,1287
2011,1288
1399,1289
903,1290
3537,1291
3419,1292
5712,1293
501,1294
292,1295
4560,1296
5334,1297
138,1298
5758,1299
131,1300
5130,1301
2895,1302
5008,1303
2313,1304
58,1305
5500,1306
5420,1307
3196,1308
5338,1309
3710,1310
1025,1311
5461,1312
291,1313
1502,1314
474,1315
5896,1316
5607,1317
4853,1318
5982,1319
2369,1320
596,1321
5281,1322
2144,1323
5909,1324
5830,1325
5541,1326
4780,1327
909,1328
3831,1329
1045,1330
3672,1331
40,1332
5366,1333
3902,1334
6028,1335
3469,1336
4810,1337
4483,1338
2353,1339
1342,1340
3866,1341
656,1342
323,1343
4252,1344
5081,1345
649,1346
3610,1347
306,1348
5651,1349
5684,1350
584,1351
5162,1352
1859,1353
1729,1354
3529,1355
3702,1356
1847,1357
273,1358
1085,1359
938,1360
2163,1361
2222,1362
5849,1363
4754,1364
3973,1365
1125,1366
2283,1367
2091,1368
313,1369
3149,1370
2110,1371
1646,1372
2147,1373
5759,1374
1047,1375
771,1376
2412,1377
575,1378
5011,1379
1142,1380
4453,1381
4089,1382
3050,1383
4569,1384
5761,1385
3598,1386
3052,1387
5236,1388
1145,1389
1568,1390
59,1391
1983,1392
2009,1393
5280,1394
2354,1395
2145,1396
2435,1397
3913,1398
2420,1399
4707,1400
3477,1401
3924,1402
5599,1403
1116,1404
2550,1405
2314,1406
3697,1407
4379,1408
1576,1409
5795,1410
5872,1411
731,1412
2634,1413
3226,1414
4160,1415
2570,1416
33,1417
1538,1418
1257,1419
973,1420
4318,1421
3772,1422
1869,1423
2899,1424
5462,1425
1270,1426
5936,1427
4242,1428
4273,1429
1169,1430
18,1431
5471,1432
3942,1433
3276,1434
1180,1435
1238,1436
23,1437
442,1438
1468,1439
2231,1440
3656,1441
674,1442
6020,1443
24,1444
1822,1445
3827,1446
1479,1447
5973,1448
2176,1449
4745,1450
1316,1451
4069,1452
704,1453
2880,1454
4212,1455
3953,1456
853,1457
2002,1458
714,1459
2464,1460
192,1461
4380,1462
3262,1463
927,1464
1941,1465
349,1466
3410,1467
4161,1468
1230,1469
5587,1470
5913,1471
4239,1472
1577,1473
2389,1474
4473,1475
2150,1476
2782,1477
4830,1478
3484,1479
440,1480
1024,1481
2415,1482
2007,1483
1343,1484
1237,1485
5021,1486
3134,1487
2800,1488
1564,1489
3489,1490
1953,1491
3984,1492
3703,1493
120,1494
4710,1495
3906,1496
979,1497
3157,1498
2541,1499
2842,1500
1372,1501
2398,1502
960,1503
2107,1504
240,1505
2846,1506
2746,1507
3575,1508
1778,1509
3316,1510
1935,1511
4189,1512
1772,1513
2605,1514
275,1515
5166,1516
5952,1517
1089,1518
1831,1519
3807,1520
2,1521
5105,1522
6001,1523
297,1524
1265,1525
2789,1526
4646,1527
3436,1528
5900,1529
5073,1530
2429,1531
1097,1532
2493,1533
288,1534
4863,1535
831,1536
5998,1537
3565,1538
4436,1539
5538,1540
406,1541
1203,1542
5135,1543
5317,1544
5903,1545
1361,1546
56,1547
4757,1548
4186,1549
3654,1550
4224,1551
2849,1552
4465,1553
5950,1554
2738,1555
5459,1556
3167,1557
1308,1558
3917,1559
1280,1560
2175,1561
5189,1562
438,1563
5898,1564
2352,1565
1731,1566
4004,1567
3453,1568
1211,1569
4556,1570
3031,1571
5102,1572
920,1573
2201,1574
1774,1575
2442,1576
1870,1577
3085,1578
2560,1579
2161,1580
5925,1581
2602,1582
2290,1583
5248,1584
3919,1585
4077,1586
1458,1587
3033,1588
2618,1589
4059,1590
769,1591
2633,1592
106,1593
900,1594
1165,1595
4429,1596
5609,1597
4203,1598
4925,1599
5984,1600
84,1601
6031,1602
1570,1603
4727,1604
1277,1605
7,1606
4420,1607
1354,1608
1325,1609
2403,1610
1377,1611
2890,1612
5972,1613
1889,1614
5342,1615
4923,1616
2460,1617
3345,1618
3847,1619
2853,1620
4907,1621
5404,1622
3978,1623
1133,1624
3185,1625
2114,1626
3199,1627
4631,1628
3110,1629
4360,1630
1601,1631
3015,1632
5745,1633
1541,1634
2752,1635
546,1636
3628,1637
3586,1638
4290,1639
4417,1640
634,1641
3952,1642
5694,1643
3024,1644
4250,1645
386,1646
2351,1647
4790,1648
5960,1649
661,1650
5764,1651
3008,1652
5107,1653
4948,1654
5858,1655
4303,1656
942,1657
2809,1658
5569,1659
2604,1660
4861,1661
397,1662
1978,1663
5544,1664
5448,1665
3308,1666
4474,1667
3339,1668
5644,1669
5801,1670
2072,1671
4883,1672
4928,1673
4169,1674
3425,1675
4584,1676
682,1677
372,1678
3524,1679
5703,1680
2840,1681
3814,1682
81,1683
5935,1684
3502,1685
608,1686
2662,1687
5559,1688
3892,1689
2964,1690
5014,1691
2684,1692
2835,1693
3216,1694
1350,1695
663,1696
4679,1697
1529,1698
163,1699
839,1700
701,1701
4914,1702
1883,1703
1558,1704
783,1705
5430,1706
1014,1707
5321,1708
3861,1709
5956,1710
4952,1711
3667,1712
57,1713
1754,1714
1311,1715
3037,1716
1159,1717
5776,1718
5687,1719
157,1720
3088,1721
3047,1722
4687,1723
3329,1724
4351,1725
1105,1726
1404,1727
3412,1728
4817,1729
4328,1730
4079,1731
3918,1732
2805,1733
2667,1734
5201,1735
3988,1736
770,1737
4012,1738
1042,1739
1241,1740
2788,1741
5762,1742
4150,1743
1410,1744
4737,1745
5515,1746
872,1747
544,1748
5610,1749
4724,1750
73,1751
2638,1752
970,1753
2534,1754
1330,1755
729,1756
1511,1757
5727,1758
5662,1759
2248,1760
1881,1761
66,1762
5977,1763
70,1764
4694,1765
1738,1766
1899,1767
5010,1768
4298,1769
2711,1770
5509,1771
1803,1772
5444,1773
3123,1774
5048,1775
3934,1776
2929,1777
5061,1778
507,1779
3107,1780
1700,1781
125,1782
2509,1783
4216,1784
2492,1785
1944,1786
1394,1787
1232,1788
4268,1789
2169,1790
1923,1791
5372,1792
4958,1793
3733,1794
5669,1795
732,1796
3752,1797
1440,1798
5897,1799
4195,1800
363,1801
4092,1802
824,1803
5065,1804
5172,1805
2172,1806
4050,1807
4545,1808
953,1809
2014,1810
5947,1811
3102,1812
3923,1813
5682,1814
4893,1815
1375,1816
2479,1817
4814,1818
3380,1819
2599,1820
4731,1821
2965,1822
5489,1823
4234,1824
1108,1825
308,1826
3105,1827
2478,1828
2193,1829
5278,1830
1998,1831
826,1832
4642,1833
493,1834
3350,1835
4705,1836
2933,1837
2068,1838
491,1839
3271,1840
744,1841
321,1842
3562,1843
5018,1844
1659,1845
52,1846
5691,1847
4635,1848
2572,1849
2672,1850
285,1851
4199,1852
3804,1853
1796,1854
2585,1855
2796,1856
4541,1857
4162,1858
5773,1859
4139,1860
2559,1861
4866,1862
1817,1863
4733,1864
5618,1865
2717,1866
4516,1867
829,1868
1460,1869
5774,1870
5536,1871
5786,1872
5927,1873
3462,1874
1532,1875
2080,1876
1852,1877
4956,1878
3449,1879
4225,1880
4990,1881
295,1882
4283,1883
925,1884
4872,1885
2413,1886
4132,1887
6022,1888
3111,1889
4528,1890
5071,1891
1884,1892
4536,1893
1872,1894
4253,1895
3711,1896
915,1897
5284,1898
3709,1899
1161,1900
2664,1901
3686,1902
1611,1903
3526,1904
5403,1905
3781,1906
1019,1907
602,1908
1512,1909
450,1910
4113,1911
1686,1912
3520,1913
3173,1914
1081,1915
5165,1916
5183,1917
432,1918
2683,1919
5839,1920
2792,1921
1698,1922
2459,1923
4105,1924
3169,1925
851,1926
678,1927
1931,1928
2833,1929
3519,1930
1396,1931
5164,1932
3002,1933
1812,1934
5564,1935
5742,1936
5528,1937
2547,1938
4052,1939
2542,1940
5496,1941
1467,1942
3163,1943
4921,1944
4639,1945
2417,1946
332,1947
5206,1948
4835,1949
4278,1950
5627,1951
3789,1952
1093,1953
3880,1954
2512,1955
2177,1956
4822,1957
1091,1958
1204,1959
4507,1960
3417,1961
1970,1962
481,1963
4643,1964
5450,1965
2378,1966
2961,1967
2578,1968
1671,1969
5075,1970
3422,1971
3263,1972
822,1973
3017,1974
5156,1975
3744,1976
6019,1977
4768,1978
4430,1979
4945,1980
5666,1981
1958,1982
3395,1983
5417,1984
3461,1985
4806,1986
5358,1987
4173,1988
3997,1989
1561,1990
5319,1991
2706,1992
1083,1993
117,1994
5721,1995
3108,1996
3903,1997
887,1998
4508,1999
452,2000
3311,2001
1976,2002
2156,2003
1088,2004
2780,2005
3315,2006
5983,2007
3858,2008
5487,2009
2864,2010
305,2011
5892,2012
1739,2013
2519,2014
5695,2015
3505,2016
3716,2017
3381,2018
1627,2019
2583,2020
603,2021
4403,2022
4269,2023
175,2024
1475,2025
2477,2026
3165,2027
3521,2028
1714,2029
5299,2030
3613,2031
623,2032
1214,2033
858,2034
5951,2035
5182,2036
4124,2037
5535,2038
3909,2039
3571,2040
4103,2041
5843,2042
1526,2043
3415,2044
4256,2045
72,2046
2438,2047
5522,2048
1355,2049
710,2050
1825,2051
5041,2052
2878,2053
3729,2054
2603,2055
4717,2056
1463,2057
3815,2058
713,2059
4374,2060
3792,2061
2577,2062
1589,2063
3510,2064
4276,2065
1337,2066
3112,2067
4994,2068
4885,2069
4390,2070
1824,2071
2004,2072
4828,2073
3018,2074
5373,2075
2289,2076
4847,2077
54,2078
2883,2079
2372,2080
4895,2081
1625,2082
2034,2083
1903,2084
3930,2085
2044,2086
5623,2087
4129,2088
1443,2089
3257,2090
5629,2091
3143,2092
4965,2093
3416,2094
2117,2095
1559,2096
4375,2097
5175,2098
5940,2099
193,2100
815,2101
1496,2102
2670,2103
3701,2104
1476,2105
5986,2106
445,2107
2764,2108
3084,2109
4534,2110
3664,2111
325,2112
2597,2113
2468,2114
3402,2115
3361,2116
1291,2117
2430,2118
5902,2119
2703,2120
2947,2121
3824,2122
1640,2123
871,2124
5961,2125
3770,2126
989,2127
1767,2128
142,2129
1044,2130
3830,2131
1433,2132
5532,2133
5949,2134
2637,2135
5186,2136
2803,2137
4875,2138
204,2139
2164,2140
2907,2141
1210,2142
2453,2143
255,2144
928,2145
3398,2146
3727,2147
1805,2148
431,2149
5847,2150
5558,2151
147,2152
4396,2153
4135,2154
4949,2155
4505,2156
2303,2157
5152,2158
1268,2159
5740,2160
5778,2161
62,2162
1942,2163
1392,2164
2294,2165
48,2166
5611,2167
424,2168
3180,2169
4561,2170
1215,2171
4240,2172
637,2173
5604,2174
3227,2175
5517,2176
3842,2177
2973,2178
3096,2179
2334,2180
208,2181
683,2182
5289,2183
3553,2184
3186,2185
3078,2186
922,2187
4293,2188
1106,2189
5693,2190
4878,2191
1929,2192
5975,2193
1776,2194
5090,2195
567,2196
5850,2197
4722,2198
3979,2199
3743,2200
2822,2201
3631,2202
430,2203
4136,2204
566,2205
4979,2206
5255,2207
869,2208
2284,2209
3774,2210
2592,2211
5894,2212
4840,2213
3796,2214
5590,2215
4908,2216
3401,2217
3607,2218
4618,2219
3046,2220
5589,2221
1897,2222
3756,2223
3232,2224
1346,2225
3147,2226
3837,2227
913,2228
4285,2229
1171,2230
1951,2231
4562,2232
2297,2233
5316,2234
2276,2235
1253,2236
5901,2237
4765,2238
5377,2239
993,2240
2767,2241
1804,2242
2450,2243
1127,2244
652,2245
1340,2246
2338,2247
644,2248
641,2249
5763,2250
1168,2251
4220,2252
2348,2253
2188,2254
1990,2255
4096,2256
4788,2257
891,2258
144,2259
5929,2260
1480,2261
4690,2262
4852,2263
4015,2264
3528,2265
4001,2266
3666,2267
1747,2268
232,2269
3243,2270
5055,2271
3492,2272
3692,2273
962,2274
182,2275
1668,2276
3731,2277
4989,2278
2071,2279
4530,2280
1366,2281
3533,2282
4443,2283
565,2284
4321,2285
3940,2286
3886,2287
5287,2288
5455,2289
5895,2290
3414,2291
1245,2292
4678,2293
3061,2294
587,2295
2465,2296
97,2297
1153,2298
1333,2299
4586,2300
335,2301
2974,2302
4407,2303
1629,2304
31,2305
3972,2306
2623,2307
4029,2308
1066,2309
5911,2310
3322,2311
5954,2312
5573,2313
3754,2314
1315,2315
4502,2316
3678,2317
3846,2318
5833,2319
2561,2320
1653,2321
2872,2322
721,2323
3755,2324
1779,2325
5613,2326
524,2327
5891,2328
351,2329
27,2330
1934,2331
266,2332
2659,2333
4714,2334
5490,2335
5063,2336
1678,2337
3944,2338
5672,2339
5016,2340
3974,2341
879,2342
5757,2343
5989,2344
2371,2345
5633,2346
2186,2347
1299,2348
2401,2349
3535,2350
4171,2351
2363,2352
5914,2353
1056,2354
220,2355
3355,2356
3867,2357
718,2358
3870,2359
2203,2360
748,2361
1209,2362
2475,2363
1393,2364
5447,2365
3696,2366
3331,2367
4022,2368
2515,2369
3670,2370
1504,2371
2855,2372
2049,2373
1959,2374
3030,2375
2915,2376
4674,2377
750,2378
5424,2379
850,2380
4231,2381
5995,2382
754,2383
1913,2384
4656,2385
4987,2386
3193,2387
2097,2388
118,2389
2457,2390
3724,2391
1323,2392
1423,2393
2448,2394
32,2395
5476,2396
4606,2397
3652,2398
1107,2399
3929,2400
2598,2401
5137,2402
3178,2403
2514,2404
3590,2405
3325,2406
2590,2407
2010,2408
2240,2409
2075,2410
1119,2411
4519,2412
4782,2413
3637,2414
1681,2415
5844,2416
2149,2417
5491,2418
1217,2419
2521,2420
3359,2421
5582,2422
2978,2423
3658,2424
4251,2425
3568,2426
4072,2427
5521,2428
3961,2429
5551,2430
1001,2431
135,2432
712,2433
371,2434
30,2435
2038,2436
3215,2437
5641,2438
691,2439
1240,2440
2105,2441
5746,2442
2910,2443
1285,2444
825,2445
1286,2446
2953,2447
4415,2448
1510,2449
2685,2450
3625,2451
6026,2452
4792,2453
4845,2454
357,2455
153,2456
2761,2457
479,2458
5685,2459
3150,2460
4446,2461
16,2462
4343,2463
580,2464
2513,2465
5434,2466
4823,2467
369,2468
127,2469
1845,2470
1733,2471
910,2472
5253,2473
1450,2474
164,2475
2131,2476
4206,2477
711,2478
5292,2479
519,2480
3457,2481
3817,2482
5083,2483
6037,2484
1322,2485
3967,2486
298,2487
3340,2488
4664,2489
2804,2490
2744,2491
5661,2492
1386,2493
1854,2494
4000,2495
3205,2496
3138,2497
4437,2498
5226,2499
3738,2500
2017,2501
1006,2502
4372,2503
4856,2504
5488,2505
5089,2506
2073,2507
6010,2508
1304,2509
4838,2510
3119,2511
4338,2512
2768,2513
540,2514
5647,2515
4451,2516
3428,2517
3600,2518
1597,2519
4175,2520
3854,2521
4198,2522
4085,2523
3277,2524
2619,2525
1414,2526
786,2527
262,2528
513,2529
3549,2530
398,2531
1400,2532
1490,2533
2911,2534
3726,2535
2678,2536
211,2537
3044,2538
2869,2539
5457,2540
5668,2541
3657,2542
2481,2543
4846,2544
3352,2545
2677,2546
1331,2547
1317,2548
4051,2549
4314,2550
5586,2551
4459,2552
4100,2553
2676,2554
668,2555
3750,2556
2250,2557
403,2558
2368,2559
3115,2560
1999,2561
1719,2562
779,2563
5214,2564
3868,2565
4901,2566
270,2567
2950,2568
1554,2569
3899,2570
4696,2571
3265,2572
2575,2573
4043,2574
3655,2575
1868,2576
2963,2577
2406,2578
4778,2579
2888,2580
5974,2581
4668,2582
5225,2583
2319,2584
1588,2585
511,2586
3800,2587
3218,2588
4702,2589
2051,2590
1802,2591
88,2592
912,2593
3932,2594
5318,2595
671,2596
5568,2597
3341,2598
5368,2599
1382,2600
2391,2601
178,2602
3706,2603
149,2604
3581,2605
1092,2606
1360,2607
1176,2608
1037,2609
5791,2610
4485,2611
4661,2612
3168,2613
299,2614
25,2615
3333,2616
365,2617
4967,2618
1830,2619
5004,2620
235,2621
1649,2622
3682,2623
2123,2624
5614,2625
3811,2626
1858,2627
4399,2628
2059,2629
5512,2630
1717,2631
1623,2632
2825,2633
2357,2634
1332,2635
4494,2636
1139,2637
5466,2638
724,2639
5861,2640
2253,2641
1585,2642
5560,2643
4317,2644
5681,2645
492,2646
2103,2647
3644,2648
1607,2649
1208,2650
673,2651
3035,2652
1979,2653
5563,2654
984,2655
3192,2656
3156,2657
387,2658
4028,2659
3559,2660
2220,2661
1320,2662
1243,2663
5357,2664
5421,2665
307,2666
5798,2667
904,2668
1128,2669
3721,2670
1358,2671
280,2672
1624,2673
1980,2674
3441,2675
542,2676
1793,2677
2382,2678
2940,2679
4097,2680
4598,2681
2980,2682
2408,2683
3717,2684
4568,2685
4157,2686
3348,2687
330,2688
4971,2689
2616,2690
5867,2691
247,2692
1283,2693
3198,2694
4924,2695
4975,2696
2050,2697
1690,2698
5991,2699
136,2700
5429,2701
4304,2702
5440,2703
1882,2704
238,2705
4016,2706
28,2707
3825,2708
2821,2709
459,2710
3728,2711
4308,2712
108,2713
1716,2714
122,2715
1060,2716
3026,2717
5820,2718
4024,2719
2877,2720
5865,2721
5339,2722
2436,2723
2310,2724
5908,2725
5230,2726
2184,2727
3101,2728
3757,2729
610,2730
5561,2731
3179,2732
3299,2733
4510,2734
5771,2735
5994,2736
5505,2737
4061,2738
4347,2739
4112,2740
2969,2741
4877,2742
3204,2743
2660,2744
2928,2745
2742,2746
5933,2747
4431,2748
5194,2749
4481,2750
3228,2751
865,2752
3009,2753
5542,2754
3482,2755
1641,2756
5555,2757
5148,2758
5565,2759
4795,2760
571,2761
1279,2762
74,2763
5837,2764
1759,2765
1960,2766
4826,2767
3362,2768
4725,2769
4357,2770
1521,2771
5441,2772
2120,2773
3370,2774
2427,2775
316,2776
4691,2777
3356,2778
5013,2779
1138,2780
3497,2781
616,2782
2845,2783
4491,2784
4897,2785
286,2786
1634,2787
4930,2788
376,2789
5270,2790
916,2791
1874,2792
4537,2793
5575,2794
3057,2795
4546,2796
2528,2797
5506,2798
4615,2799
4720,2800
2251,2801
5653,2802
3019,2803
3250,2804
1436,2805
4564,2806
3146,2807
5386,2808
5625,2809
874,2810
2580,2811
5534,2812
4654,2813
5155,2814
3912,2815
5605,2816
3321,2817
169,2818
4713,2819
2121,2820
4305,2821
4091,2822
3619,2823
5262,2824
191,2825
3049,2826
1086,2827
5916,2828
3848,2829
1111,2830
4217,2831
4760,2832
5451,2833
3999,2834
5410,2835
1326,2836
548,2837
5099,2838
5870,2839
1677,2840
860,2841
5964,2842
5057,2843
3174,2844
1094,2845
1497,2846
1569,2847
4857,2848
5502,2849
914,2850
3675,2851
1763,2852
2922,2853
1201,2854
5592,2855
1617,2856
811,2857
5283,2858
5173,2859
1528,2860
946,2861
2170,2862
2641,2863
3499,2864
5499,2865
3646,2866
1898,2867
3734,2868
1757,2869
5227,2870
1435,2871
3426,2872
4513,2873
269,2874
795,2875
2414,2876
4970,2877
5003,2878
1955,2879
4291,2880
1547,2881
5304,2882
457,2883
2003,2884
3103,2885
3921,2886
991,2887
1989,2888
5965,2889
2296,2890
2658,2891
1574,2892
3220,2893
2758,2894
2635,2895
5910,2896
2925,2897
2734,2898
5266,2899
2416,2900
6030,2901
2270,2902
5343,2903
3387,2904
1525,2905
3446,2906
1052,2907
3970,2908
550,2909
2794,2910
412,2911
6018,2912
1835,2913
2934,2914
2630,2915
1853,2916
4616,2917
278,2918
4649,2919
1207,2920
2539,2921
1814,2922
4454,2923
3798,2924
4613,2925
908,2926
373,2927
1495,2928
4479,2929
2857,2930
5493,2931
3075,2932
3517,2933
2474,2934
3895,2935
4306,2936
4058,2937
3390,2938
5600,2939
1338,2940
400,2941
2919,2942
2166,2943
2449,2944
2967,2945
717,2946
4018,2947
615,2948
5881,2949
1988,2950
4526,2951
888,2952
4706,2953
3936,2954
1451,2955
532,2956
5224,2957
4663,2958
5748,2959
5550,2960
2557,2961
4188,2962
2600,2963
1933,2964
4146,2965
2691,2966
806,2967
4326,2968
4755,2969
495,2970
1185,2971
1274,2972
5432,2973
2047,2974
892,2975
4784,2976
2932,2977
3235,2978
3200,2979
2387,2980
4227,2981
1642,2982
3647,2983
2142,2984
838,2985
1179,2986
1920,2987
1040,2988
3306,2989
5513,2990
2994,2991
5029,2992
4612,2993
5617,2994
1994,2995
2993,2996
5882,2997
3888,2998
5040,2999
4624,3000
2753,3001
2989,3002
3786,3003
282,3004
2210,3005
1550,3006
4128,3007
3268,3008
4903,3009
841,3010
1722,3011
4625,3012
807,3013
3620,3014
1952,3015
5941,3016
4497,3017
1225,3018
5744,3019
2096,3020
1447,3021
583,3022
3022,3023
4335,3024
4580,3025
4521,3026
1684,3027
3433,3028
940,3029
2562,3030
109,3031
1182,3032
709,3033
4972,3034
4946,3035
2567,3036
3904,3037
2178,3038
5114,3039
753,3040
1545,3041
3719,3042
3615,3043
545,3044
2116,3045
5802,3046
1446,3047
2257,3048
5869,3049
1523,3050
816,3051
4804,3052
4957,3053
3091,3054
1357,3055
212,3056
3219,3057
4904,3058
4042,3059
5072,3060
699,3061
4422,3062
5398,3063
2875,3064
3826,3065
514,3066
3896,3067
35,3068
1195,3069
1962,3070
4084,3071
198,3072
51,3073
3071,3074
5437,3075
4652,3076
3082,3077
1009,3078
4906,3079
4959,3080
889,3081
2937,3082
2282,3083
1573,3084
170,3085
2894,3086
4336,3087
969,3088
700,3089
5556,3090
2724,3091
5591,3092
1104,3093
3882,3094
4126,3095
4032,3096
2962,3097
4892,3098
408,3099
4409,3100
1262,3101
4388,3102
4581,3103
1221,3104
3224,3105
2648,3106
1705,3107
1748,3108
409,3109
1650,3110
4183,3111
5570,3112
1188,3113
5243,3114
5093,3115
3901,3116
976,3117
1637,3118
3490,3119
5841,3120
848,3121
5085,3122
1067,3123
2285,3124
4295,3125
506,3126
3765,3127
654,3128
5711,3129
2134,3130
1578,3131
1890,3132
1008,3133
1798,3134
2954,3135
5957,3136
2364,3137
762,3138
3375,3139
4030,3140
338,3141
1263,3142
1461,3143
3597,3144
3753,3145
4114,3146
3034,3147
3122,3148
3353,3149
5945,3150
5583,3151
2966,3152
3872,3153
5683,3154
5637,3155
2232,3156
2694,3157
961,3158
4933,3159
3871,3160
5857,3161
5677,3162
3323,3163
2861,3164
3996,3165
983,3166
2852,3167
5043,3168
3427,3169
2702,3170
4976,3171
1925,3172
4747,3173
2621,3174
1390,3175
392,3176
6032,3177
4769,3178
5068,3179
2480,3180
4566,3181
1064,3182
3066,3183
981,3184
1002,3185
4070,3186
2944,3187
1833,3188
4423,3189
1542,3190
3028,3191
3372,3192
1706,3193
314,3194
2225,3195
777,3196
3649,3197
5497,3198
980,3199
5419,3200
1141,3201
2914,3202
3763,3203
5937,3204
752,3205
4634,3206
4322,3207
4555,3208
5375,3209
733,3210
2171,3211
1084,3212
1036,3213
5482,3214
3856,3215
4594,3216
1687,3217
1096,3218
151,3219
5645,3220
4794,3221
4461,3222
4371,3223
3346,3224
1101,3225
4040,3226
5636,3227
1359,3228
3213,3229
4471,3230
4411,3231
935,3232
5184,3233
2617,3234
83,3235
2874,3236
1820,3237
1135,3238
1004,3239
4539,3240
5285,3241
2787,3242
5577,3243
4153,3244
2955,3245
3885,3246
1339,3247
5530,3248
1908,3249
2817,3250
4354,3251
5866,3252
2070,3253
3947,3254
5993,3255
6004,3256
1419,3257
243,3258
4611,3259
666,3260
1073,3261
76,3262
5006,3263
4761,3264
5959,3265
2315,3266
3177,3267
2784,3268
5585,3269
4196,3270
137,3271
132,3272
547,3273
4964,3274
774,3275
1256,3276
4787,3277
1448,3278
473,3279
3144,3280
781,3281
3588,3282
162,3283
82,3284
2236,3285
2486,3286
4367,3287
1724,3288
5498,3289
798,3290
436,3291
3582,3292
4832,3293
4219,3294
3621,3295
758,3296
934,3297
2941,3298
607,3299
3454,3300
3354,3301
2501,3302
2695,3303
233,3304
4894,3305
4637,3306
3003,3307
4583,3308
4184,3309
5852,3310
3261,3311
3983,3312
2791,3313
123,3314
55,3315
5622,3316
4401,3317
3411,3318
3558,3319
1247,3320
1873,3321
5101,3322
1992,3323
3531,3324
1397,3325
99,3326
4404,3327
3829,3328
4243,3329
2433,3330
3408,3331
5710,3332
2122,3333
2701,3334
3187,3335
5728,3336
2087,3337
1619,3338
5365,3339
380,3340
177,3341
2055,3342
113,3343
4289,3344
95,3345
2392,3346
5467,3347
4316,3348
2191,3349
1156,3350
159,3351
4686,3352
53,3353
5632,3354
956,3355
5239,3356
5133,3357
639,3358
1334,3359
3576,3360
840,3361
4440,3362
3006,3363
1136,3364
5616,3365
471,3366
3843,3367
577,3368
6005,3369
3012,3370
4937,3371
1909,3372
2801,3373
5178,3374
5598,3375
4279,3376
3118,3377
2511,3378
5379,3379
5193,3380
692,3381
3451,3382
3140,3383
4034,3384
944,3385
5017,3386
2139,3387
5143,3388
4271,3389
111,3390
1438,3391
3663,3392
3673,3393
3660,3394
5659,3395
1728,3396
2629,3397
852,3398
5854,3399
612,3400
2958,3401
2028,3402
4572,3403
2235,3404
2190,3405
1191,3406
5816,3407
5124,3408
3391,3409
1603,3410
3371,3411
727,3412
2587,3413
5303,3414
2526,3415
3063,3416
3092,3417
5110,3418
2402,3419
342,3420
1032,3421
1699,3422
5,3423
820,3424
4450,3425
4638,3426
5731,3427
624,3428
4023,3429
4353,3430
4841,3431
4496,3432
3266,3433
3609,3434
4986,3435
1732,3436
515,3437
4669,3438
3612,3439
588,3440
488,3441
1449,3442
2104,3443
5576,3444
4003,3445
2005,3446
5601,3447
2057,3448
1292,3449
4870,3450
3699,3451
2871,3452
3869,3453
5301,3454
2384,3455
1048,3456
366,3457
2079,3458
3392,3459
1297,3460
4734,3461
5412,3462
3099,3463
945,3464
5335,3465
3403,3466
4744,3467
3098,3468
4099,3469
4120,3470
846,3471
4980,3472
2682,3473
528,3474
3511,3475
4559,3476
200,3477
4529,3478
2891,3479
472,3480
2656,3481
1797,3482
849,3483
1737,3484
2692,3485
857,3486
4636,3487
2811,3488
3055,3489
5195,3490
1514,3491
5034,3492
5051,3493
3485,3494
2266,3495
828,3496
792,3497
155,3498
5327,3499
2887,3500
3905,3501
2769,3502
2774,3503
2856,3504
4455,3505
130,3506
1289,3507
5906,3508
2143,3509
5557,3510
2927,3511
601,3512
3959,3513
5390,3514
5241,3515
2773,3516
80,3517
1058,3518
2918,3519
346,3520
3443,3521
1595,3522
5581,3523
1194,3524
1453,3525
1639,3526
5046,3527
919,3528
86,3529
2607,3530
4257,3531
2649,3532
3648,3533
5574,3534
941,3535
167,3536
4046,3537
3420,3538
3305,3539
6000,3540
2146,3541
1755,3542
219,3543
4214,3544
3089,3545
4235,3546
3297,3547
2162,3548
5504,3549
5620,3550
1471,3551
3116,3552
5344,3553
5720,3554
5438,3555
5269,3556
3016,3557
3363,3558
3121,3559
2130,3560
2119,3561
2243,3562
4210,3563
42,3564
1441,3565
5552,3566
4286,3567
3821,3568
2610,3569
5473,3570
3966,3571
2943,3572
4688,3573
6035,3574
543,3575
5678,3576
2168,3577
428,3578
5037,3579
3498,3580
2990,3581
1223,3582
5665,3583
223,3584
1421,3585
478,3586
1151,3587
4060,3588
3758,3589
4472,3590
2327,3591
2517,3592
5468,3593
1741,3594
3491,3595
3132,3596
819,3597
5928,3598
4041,3599
3556,3600
4457,3601
2568,3602
557,3603
4048,3604
2532,3605
2109,3606
2831,3607
5875,3608
3342,3609
1275,3610
2041,3611
2642,3612
5131,3613
1670,3614
5463,3615
1,3616
3182,3617
3109,3618
5698,3619
3863,3620
604,3621
579,3622
5296,3623
4888,3624
2939,3625
1996,3626
343,3627
3508,3628
1782,3629
1181,3630
4373,3631
2709,3632
5749,3633
662,3634
3038,3635
931,3636
539,3637
2971,3638
776,3639
5770,3640
5111,3641
4165,3642
190,3643
4333,3644
2558,3645
1388,3646
3514,3647
1860,3648
585,3649
5026,3650
2500,3651
791,3652
760,3653
1811,3654
260,3655
1508,3656
4621,3657
4170,3658
4750,3659
1785,3660
4215,3661
4865,3662
1905,3663
3574,3664
4478,3665
1540,3666
3725,3667
3950,3668
3393,3669
146,3670
2016,3671
4721,3672
5819,3673
1427,3674
2288,3675
3286,3676
1398,3677
4352,3678
864,3679
114,3680
5127,3681
1319,3682
4007,3683
861,3684
5962,3685
4482,3686
2844,3687
3594,3688
2206,3689
2756,3690
2094,3691
4331,3692
4258,3693
79,3694
195,3695
3094,3696
3695,3697
4037,3698
3130,3699
4397,3700
5367,3701
3641,3702
971,3703
382,3704
5291,3705
3626,3706
5308,3707
3162,3708
139,3709
1313,3710
5469,3711
494,3712
1689,3713
5836,3714
5848,3715
2228,3716
2651,3717
5789,3718
1457,3719
3004,3720
4544,3721
2407,3722
4181,3723
5449,3724
1584,3725
2668,3726
2524,3727
413,3728
4433,3729
1792,3730
3536,3731
1669,3732
1766,3733
1314,3734
3468,3735
3501,3736
4260,3737
685,3738
2611,3739
3237,3740
4054,3741
5345,3742
3483,3743
1807,3744
2999,3745
2101,3746
757,3747
5369,3748
1192,3749
2710,3750
14,3751
464,3752
2054,3753
10,3754
214,3755
2048,3756
2824,3757
1500,3758
5329,3759
741,3760
3320,3761
996,3762
140,3763
4148,3764
2529,3765
119,3766
2552,3767
5235,3768
5479,3769
4633,3770
3319,3771
4595,3772
4809,3773
5025,3774
1725,3775
1877,3776
5621,3777
1676,3778
2906,3779
5374,3780
4767,3781
4281,3782
943,3783
3164,3784
772,3785
5886,3786
5817,3787
5113,3788
5049,3789
1162,3790
4896,3791
2810,3792
2574,3793
4660,3794
3317,3795
3611,3796
22,3797
2482,3798
5038,3799
844,3800
620,3801
3910,3802
3406,3803
3614,3804
3749,3805
1997,3806
121,3807
5275,3808
1216,3809
3767,3810
646,3811
510,3812
5699,3813
1556,3814
5213,3815
4406,3816
1654,3817
5402,3818
985,3819
885,3820
4106,3821
5232,3822
522,3823
1715,3824
2992,3825
4862,3826
3779,3827
4490,3828
599,3829
2305,3830
216,3831
4460,3832
2737,3833
3344,3834
4180,3835
476,3836
1301,3837
5218,3838
2458,3839
3551,3840
1961,3841
3563,3842
186,3843
5305,3844
3990,3845
2522,3846
660,3847
2997,3848
2129,3849
5887,3850
4232,3851
3591,3852
1606,3853
2027,3854
4699,3855
830,3856
4300,3857
4571,3858
203,3859
1140,3860
1885,3861
5456,3862
1296,3863
2882,3864
3023,3865
1007,3866
1424,3867
1610,3868
3296,3869
364,3870
104,3871
1278,3872
635,3873
3998,3874
3617,3875
3593,3876
949,3877
2015,3878
4887,3879
3240,3880
802,3881
360,3882
3095,3883
2727,3884
5868,3885
3606,3886
4014,3887
2137,3888
2732,3889
3183,3890
4456,3891
958,3892
873,3893
2456,3894
2118,3895
2848,3896
594,3897
2445,3898
2815,3899
4152,3900
2506,3901
5084,3902
1494,3903
5087,3904
859,3905
4509,3906
5163,3907
3386,3908
1531,3909
5543,3910
4026,3911
3460,3912
2540,3913
477,3914
5921,3915
2078,3916
523,3917
3577,3918
4385,3919
4807,3920
4284,3921
5753,3922
1837,3923
2981,3924
5656,3925
5926,3926
4487,3927
2719,3928
1800,3929
2828,3930
3448,3931
3058,3932
3127,3933
4185,3934
3506,3935
3137,3936
687,3937
5274,3938
1614,3939
485,3940
1062,3941
2106,3942
5066,3943
3809,3944
5416,3945
5943,3946
4773,3947
2333,3948
3935,3949
2931,3950
2379,3951
5566,3952
394,3953
558,3954
1945,3955
4039,3956
3639,3957
4088,3958
5264,3959
2536,3960
3172,3961
5751,3962
965,3963
3100,3964
4759,3965
1524,3966
3516,3967
5572,3968
3690,3969
4766,3970
1121,3971
5454,3972
5142,3973
5132,3974
17,3975
3653,3976
115,3977
4094,3978
2995,3979
2655,3980
2606,3981
5603,3982
4194,3983
5840,3984
5955,3985
2342,3986
1750,3987
1516,3988
4836,3989
434,3990
4632,3991
5756,3992
2576,3993
5088,3994
4718,3995
1995,3996
3713,3997
2300,3998
1177,3999
5750,4000
45,4001
2609,4002
1565,4003
1895,4004
4081,4005
1183,4006
36,4007
1655,4008
2573,4009
1374,4010
3062,4011
5328,4012
5360,4013
4364,4014
1809,4015
2126,4016
5484,4017
5415,4018
2614,4019
5596,4020
921,4021
3986,4022
1891,4023
4644,4024
570,4025
4932,4026
3125,4027
4762,4028
3960,4029
6029,4030
4363,4031
5354,4032
5987,4033
1122,4034
5171,4035
3032,4036
1557,4037
2886,4038
868,4039
743,4040
805,4041
6017,4042
1063,4043
5233,4044
911,4045
2404,4046
5205,4047
2747,4048
2838,4049
2760,4050
3155,4051
937,4052
5511,4053
1581,4054
3694,4055
1486,4056
3404,4057
4213,4058
1246,4059
154,4060
2157,4061
196,4062
1727,4063
5387,4064
2019,4065
5660,4066
1148,4067
759,4068
1656,4069
1718,4070
5733,4071
1618,4072
1896,4073
358,4074
3060,4075
4879,4076
3627,4077
326,4078
1808,4079
2196,4080
512,4081
419,4082
2639,4083
1432,4084
5076,4085
5880,4086
896,4087
2770,4088
1704,4089
451,4090
3665,4091
4842,4092
3209,4093
890,4094
210,4095
5823,4096
5106,4097
835,4098
5809,4099
2165,4100
2024,4101
1033,4102
2881,4103
1975,4104
520,4105
3768,4106
2396,4107
4119,4108
955,4109
1272,4110
642,4111
4086,4112
952,4113
5364,4114
1425,4115
924,4116
2736,4117
5112,4118
2497,4119
5210,4120
530,4121
4884,4122
5873,4123
3029,4124
4837,4125
337,4126
1380,4127
2904,4128
3512,4129
4477,4130
1193,4131
923,4132
5474,4133
1464,4134
393,4135
61,4136
2484,4137
322,4138
5199,4139
2538,4140
4671,4141
689,4142
174,4143
4501,4144
4495,4145
4815,4146
3761,4147
2951,4148
1871,4149
2681,4150
396,4151
5346,4152
5293,4153
218,4154
1420,4155
2278,4156
4821,4157
4500,4158
3440,4159
4999,4160
487,4161
5714,4162
5100,4163
4604,4164
3995,4165
1109,4166
2212,4167
1675,4168
3737,4169
4735,4170
399,4171
1850,4172
3252,4173
4131,4174
3397,4175
1693,4176
3479,4177
812,4178
2173,4179
3946,4180
3908,4181
4599,4182
2241,4183
3681,4184
1418,4185
508,4186
4626,4187
5524,4188
3189,4189
5958,4190
1710,4191
3557,4192
110,4193
4796,4194
1187,4195
4591,4196
4682,4197
706,4198
4156,4199
5217,4200
4057,4201
788,4202
179,4203
1505,4204
4117,4205
626,4206
1894,4207
4805,4208
1949,4209
672,4210
4728,4211
4488,4212
2916,4213
4282,4214
5715,4215
1150,4216
4886,4217
1015,4218
5818,4219
2409,4220
5578,4221
5059,4222
2461,4223
5518,4224
5254,4225
2187,4226
461,4227
5885,4228
1834,4229
4444,4230
4345,4231
3835,4232
5814,4233
3676,4234
3622,4235
4149,4236
3780,4237
1370,4238
5209,4239
4255,4240
2221,4241
2230,4242
3487,4243
1132,4244
3334,4245
3298,4246
2730,4247
5851,4248
999,4249
2036,4250
3735,4251
5963,4252
3712,4253
4301,4254
3365,4255
4310,4256
503,4257
92,4258
444,4259
1928,4260
5700,4261
3128,4262
2397,4263
4408,4264
3561,4265
1327,4266
1235,4267
1972,4268
2065,4269
563,4270
1055,4271
4693,4272
1071,4273
3289,4274
3714,4275
4370,4276
867,4277
4402,4278
5220,4279
4659,4280
803,4281
3424,4282
4274,4283
4055,4284
1426,4285
2505,4286
3539,4287
129,4288
5325,4289
3292,4290
1242,4291
3527,4292
3405,4293
4590,4294
5580,4295
3045,4296
1702,4297
1254,4298
2332,4299
1249,4300
695,4301
4909,4302
4266,4303
737,4304
2013,4305
1190,4306
1379,4307
2704,4308
2269,4309
6039,4310
4107,4311
3720,4312
1947,4313
253,4314
3467,4315
2167,4316
3816,4317
1219,4318
3447,4319
361,4320
3013,4321
4498,4322
248,4323
2565,4324
1815,4325
5136,4326
5934,4327
1484,4328
5664,4329
2636,4330
2086,4331
1839,4332
5503,4333
5261,4334
886,4335
2472,4336
529,4337
4424,4338
1259,4339
4313,4340
3472,4341
4362,4342
647,4343
4609,4344
3059,4345
5019,4346
1867,4347
5188,4348
2306,4349
4063,4350
5067,4351
1665,4352
4302,4353
5054,4354
3987,4355
5177,4356
5704,4357
102,4358
3836,4359
3945,4360
638,4361
90,4362
1875,4363
2029,4364
2021,4365
4531,4366
4017,4367
3773,4368
4657,4369
11,4370
3184,4371
3434,4372
3364,4373
224,4374
2132,4375
379,4376
1620,4377
730,4378
917,4379
1583,4380
3154,4381
1164,4382
5765,4383
4540,4384
2749,4385
2571,4386
3432,4387
4418,4388
38,4389
3307,4390
5203,4391
5435,4392
4658,4393
272,4394
13,4395
2594,4396
5125,4397
1594,4398
2277,4399
5356,4400
1599,4401
5082,4402
1146,4403
5781,4404
2067,4405
4619,4406
2843,4407
4410,4408
5078,4409
1838,4410
648,4411
2608,4412
2244,4413
231,4414
1694,4415
5859,4416
331,4417
5282,4418
1434,4419
3005,4420
3629,4421
3601,4422
5080,4423
4035,4424
1175,4425
2271,4426
4280,4427
2192,4428
4899,4429
1982,4430
1077,4431
3248,4432
3795,4433
814,4434
680,4435
4641,4436
2518,4437
161,4438
6040,4439
2304,4440
3357,4441
1353,4442
5044,4443
4277,4444
5427,4445
3865,4446
2751,4447
181,4448
4882,4449
5747,4450
60,4451
2280,4452
697,4453
2324,4454
2358,4455
469,4456
2868,4457
3212,4458
1613,4459
3214,4460
5397,4461
5655,4462
2750,4463
525,4464
3778,4465
425,4466
5024,4467
5022,4468
4764,4469
2082,4470
3259,4471
2998,4472
1389,4473
4123,4474
3466,4475
629,4476
537,4477
1264,4478
1742,4479
3360,4480
1403,4481
5204,4482
3086,4483
2267,4484
5359,4485
1482,4486
3072,4487
4695,4488
1335,4489
2226,4490
4466,4491
2790,4492
4578,4493
1780,4494
1212,4495
4355,4496
4249,4497
5077,4498
5108,4499
3864,4500
3309,4501
632,4502
5754,4503
2189,4504
926,4505
4627,4506
4187,4507
4701,4508
4520,4509
4843,4510
2125,4511
2535,4512
1691,4513
4938,4514
3470,4515
726,4516
352,4517
447,4518
3145,4519
2394,4520
4816,4521
1051,4522
5470,4523
391,4524
3643,4525
414,4526
3080,4527
1948,4528
2411,4529
4327,4530
3852,4531
4602,4532
2777,4533
3554,4534
995,4535
4557,4536
5337,4537
5654,4538
5312,4539
1938,4540
3822,4541
2892,4542
1632,4543
1522,4544
3965,4545
5272,4546
1027,4547
1499,4548
3507,4549
5151,4550
2350,4551
5005,4552
1762,4553
301,4554
5185,4555
1683,4556
5362,4557
2979,4558
1473,4559
3210,4560
4798,4561
143,4562
199,4563
4334,4564
765,4565
5265,4566
4047,4567
3994,4568
2896,4569
3158,4570
1517,4571
5917,4572
4340,4573
3583,4574
3914,4575
3845,4576
1876,4577
4499,4578
1170,4579
2645,4580
5755,4581
2329,4582
5094,4583
3578,4584
4732,4585
1202,4586
2361,4587
367,4588
1061,4589
3785,4590
1228,4591
2043,4592
977,4593
2586,4594
2731,4595
2679,4596
950,4597
4493,4598
4651,4599
694,4600
5478,4601
1134,4602
3151,4603
5347,4604
5134,4605
37,4606
3048,4607
5260,4608
3207,4609
2520,4610
168,4611
3203,4612
5310,4613
1252,4614
1537,4615
5794,4616
2988,4617
3544,4618
3746,4619
3805,4620
5919,4621
2820,4622
3175,4623
1369,4624
368,4625
4607,4626
4974,4627
564,4628
1075,4629
3920,4630
5619,4631
5806,4632
4553,4633
4905,4634
902,4635
378,4636
5726,4637
552,4638
5408,4639
5378,4640
5834,4641
466,4642
2802,4643
4013,4644
2035,4645
534,4646
5638,4647
4684,4648
5737,4649
3302,4650
5692,4651
5394,4652
625,4653
4263,4654
3247,4655
3418,4656
581,4657
735,4658
2946,4659
1302,4660
5931,4661
5039,4662
222,4663
5679,4664
4824,4665
3272,4666
1507,4667
551,4668
3771,4669
5306,4670
4506,4671
1266,4672
4996,4673
847,4674
3256,4675
4738,4676
614,4677
4518,4678
2879,4679
3513,4680
4337,4681
1916,4682
3991,4683
4670,4684
2653,4685
6036,4686
1481,4687
2850,4688
5128,4689
688,4690
876,4691
6015,4692
2154,4693
3385,4694
1477,4695
4995,4696
797,4697
2246,4698
4673,4699
3373,4700
5907,4701
5208,4702
3458,4703
2873,4704
609,4705
3011,4706
3141,4707
4730,4708
2858,4709
8,4710
2216,4711
4640,4712
3894,4713
3504,4714
1657,4715
975,4716
856,4717
1271,4718
554,4719
3126,4720
1387,4721
2463,4722
4685,4723
5050,4724
2661,4725
2008,4726
3776,4727
1635,4728
4589,4729
5436,4730
5384,4731
4468,4732
5970,4733
5483,4734
659,4735
215,4736
1068,4737
2026,4738
3874,4739
3812,4740
4697,4741
1711,4742
5363,4743
1553,4744
1147,4745
561,4746
5446,4747
4812,4748
2124,4749
684,4750
1746,4751
465,4752
293,4753
4776,4754
4874,4755
4486,4756
1408,4757
258,4758
1293,4759
3705,4760
5831,4761
2624,4762
836,4763
1843,4764
4803,4765
2254,4766
5160,4767
2865,4768
990,4769
3938,4770
4116,4771
2326,4772
5516,4773
3560,4774
4452,4775
484,4776
2275,4777
1178,4778
1312,4779
44,4780
3584,4781
1609,4782
3293,4783
1298,4784
5286,4785
2424,4786
3547,4787
4567,4788
1417,4789
994,4790
2095,4791
426,4792
974,4793
2293,4794
3093,4795
2548,4796
2090,4797
1940,4798
3777,4799
690,4800
2238,4801
2199,4802
832,4803
5523,4804
3587,4805
5674,4806
1893,4807
2917,4808
655,4809
3283,4810
239,4811
645,4812
176,4813
2652,4814
4207,4815
5294,4816
1593,4817
5060,4818
324,4819
3525,4820
5602,4821
4929,4822
5822,4823
4916,4824
5414,4825
1328,4826
3036,4827
3963,4828
1344,4829
2745,4830
1034,4831
1663,4832
3399,4833
2775,4834
1866,4835
2743,4836
2390,4837
2663,4838
3087,4839
1984,4840
2555,4841
2970,4842
3476,4843
5428,4844
5827,4845
2115,4846
3650,4847
1735,4848
4167,4849
2885,4850
2763,4851
2058,4852
2377,4853
1937,4854
4246,4855
2383,4856
2001,4857
2033,4858
1648,4859
4432,4860
1887,4861
4950,4862
5385,4863
801,4864
3369,4865
5453,4866
5154,4867
249,4868
4579,4869
4067,4870
5775,4871
4319,4872
3916,4873
5001,4874
78,4875
1832,4876
4130,4877
5426,4878
4808,4879
1018,4880
5355,4881
1492,4882
4729,4883
3585,4884
5197,4885
5120,4886
5229,4887
657,4888
4428,4889
1765,4890
4511,4891
3135,4892
3957,4893
3839,4894
1376,4895
3074,4896
5032,4897
5615,4898
1273,4899
65,4900
1017,4901
2264,4902
486,4903
3253,4904
4675,4905
279,4906
2546,4907
4969,4908
5624,4909
5978,4910
3041,4911
1527,4912
1592,4913
2258,4914
5743,4915
1028,4916
5247,4917
5855,4918
658,4919
4758,4920
3106,4921
516,4922
1276,4923
3592,4924
4164,4925
241,4926
929,4927
2909,4928
67,4929
5826,4930
5893,4931
1220,4932
5109,4933
1341,4934
3025,4935
2823,4936
799,4937
4134,4938
1709,4939
1943,4940
1288,4941
4299,4942
2615,4943
2564,4944
4593,4945
1921,4946
2219,4947
5144,4948
3971,4949
4860,4950
2942,4951
309,4952
5739,4953
4391,4954
2237,4955
982,4956
5251,4957
6009,4958
4911,4959
5198,4960
2362,4961
5097,4962
5944,4963
3258,4964
4978,4965
49,4966
4876,4967
1120,4968
3819,4969
2205,4970
1707,4971
4329,4972
3431,4973
3741,4974
1474,4975
1911,4976
4955,4977
823,4978
5150,4979
3859,4980
2040,4981
2032,4982
404,4983
2900,4984
1413,4985
1924,4986
2523,4987
5713,4988
336,4989
5985,4990
3223,4991
1057,4992
1373,4993
2504,4994
209,4995
3760,4996
3274,4997
4339,4998
2195,4999
3010,5000
2757,5001
2483,5002
319,5003
5948,5004
2956,5005
4982,5006
3840,5007
385,5008
696,5009
2537,5010
2713,5011
4715,5012
2242,5013
263,5014
5990,5015
1186,5016
267,5017
3550,5018
3475,5019
1769,5020
227,5021
1823,5022
2991,5023
3245,5024
2723,5025
4936,5026
2039,5027
2830,5028
5780,5029
4573,5030
4006,5031
5643,5032
2298,5033
1021,5034
2786,5035
3900,5036
2046,5037
2376,5038
1050,5039
4064,5040
1794,5041
633,5042
968,5043
5630,5044
2654,5045
3515,5046
4062,5047
901,5048
4346,5049
1407,5050
5149,5051
742,5052
2340,5053
150,5054
4475,5055
63,5056
5942,5057
374,5058
3326,5059
4608,5060
4819,5061
2494,5062
2308,5063
793,5064
347,5065
2443,5066
862,5067
468,5068
4138,5069
1539,5070
5035,5071
1987,5072
5246,5073
785,5074
1013,5075
1861,5076
5279,5077
681,5078
3139,5079
41,5080
2069,5081
562,5082
527,5083
3659,5084
2012,5085
1099,5086
3956,5087
4813,5088
4966,5089
1810,5090
2386,5091
1362,5092
4445,5093
4748,5094
4711,5095
1295,5096
4868,5097
5322,5098
3148,5099
4680,5100
2771,5101
3898,5102
4172,5103
4296,5104
2860,5105
5015,5106
3328,5107
71,5108
5324,5109
1880,5110
1046,5111
3509,5112
5423,5113
1509,5114
5349,5115
4993,5116
5874,5117
1536,5118
4596,5119
3206,5120
5966,5121
877,5122
3548,5123
433,5124
1035,5125
2099,5126
3284,5127
4577,5128
3039,5129
2451,5130
1636,5131
2194,5132
5234,5133
1932,5134
1411,5135
2272,5136
4147,5137
1688,5138
595,5139
3943,5140
1053,5141
2718,5142
3465,5143
3992,5144
4524,5145
5031,5146
897,5147
1198,5148
1865,5149
5257,5150
1029,5151
4922,5152
4151,5153
1740,5154
2566,5155
4177,5156
2083,5157
2975,5158
5389,5159
810,5160
5953,5161
3873,5162
2227,5163
4934,5164
3700,5165
880,5166
1712,5167
1787,5168
3698,5169
5237,5170
1580,5171
4683,5172
4394,5173
736,5174
1200,5175
6002,5176
2957,5177
2089,5178
1645,5179
2318,5180
5540,5181
2198,5182
4287,5183
1760,5184
4381,5185
5835,5186
1819,5187
5652,5188
3429,5189
2495,5190
6016,5191
606,5192
3001,5193
91,5194
3020,5195
763,5196
1701,5197
3793,5198
809,5199
2375,5200
4080,5201
5256,5202
2862,5203
3958,5204
3707,5205
3238,5206
3683,5207
966,5208
2213,5209
2317,5210
679,5211
4503,5212
5141,5213
206,5214
4676,5215
5405,5216
560,5217
1059,5218
3691,5219
3662,5220
2627,5221
4834,5222
1381,5223
5350,5224
4799,5225
4902,5226
1630,5227
2712,5228
2462,5229
894,5230
4940,5231
2972,5232
4667,5233
1969,5234
402,5235
1600,5236
988,5237
3452,5238
435,5239
3677,5240
715,5241
5118,5242
3881,5243
2140,5244
4082,5245
4002,5246
5808,5247
722,5248
3255,5249
2056,5250
6025,5251
3117,5252
5999,5253
290,5254
1590,5255
954,5256
2870,5257
2359,5258
5971,5259
5527,5260
415,5261
237,5262
3566,5263
4426,5264
5979,5265
992,5266
4320,5267
4292,5268
2023,5269
3221,5270
2867,5271
4111,5272
5708,5273
1206,5274
3579,5275
5884,5276
2766,5277
2898,5278
2903,5279
1321,5280
5464,5281
3580,5282
46,5283
702,5284
1777,5285
4864,5286
2309,5287
3374,5288
4742,5289
3170,5290
4740,5291
5181,5292
5121,5293
2185,5294
2380,5295
3599,5296
370,5297
5123,5298
2924,5299
2062,5300
287,5301
2302,5302
4458,5303
188,5304
2337,5305
3503,5306
3595,5307
1022,5308
4223,5309
3160,5310
69,5311
4019,5312
187,5313
2473,5314
3651,5315
5648,5316
2312,5317
2596,5318
3067,5319
2496,5320
5539,5321
4382,5322
4127,5323
1012,5324
1466,5325
3351,5326
1501,5327
5697,5328
5546,5329
2093,5330
5443,5331
1530,5332
93,5333
1348,5334
1828,5335
5042,5336
2112,5337
4241,5338
2851,5339
4552,5340
1324,5341
3862,5342
1049,5343
533,5344
5797,5345
2675,5346
2827,5347
4405,5348
2263,5349
4791,5350
2798,5351
2135,5352
1233,5353
381,5354
531,5355
3833,5356
3661,5357
2183,5358
4623,5359
2200,5360
1901,5361
5783,5362
3318,5363
541,5364
5263,5365
1644,5366
5096,5367
3473,5368
4118,5369
789,5370
1744,5371
1113,5372
1551,5373
4522,5374
2601,5375
2471,5376
4330,5377
622,5378
3083,5379
5079,5380
2330,5381
5992,5382
4603,5383
5924,5384
1836,5385
3496,5386
1284,5387
957,5388
1608,5389
2476,5390
2279,5391
2779,5392
1229,5393
5646,5394
294,5395
2728,5396
3954,5397
354,5398
2591,5399
4108,5400
4763,5401
778,5402
4942,5403
3343,5404
4779,5405
5658,5406
1879,5407
1770,5408
5341,5409
453,5410
427,5411
2180,5412
3120,5413
3669,5414
1939,5415
5407,5416
5554,5417
1472,5418
1626,5419
2262,5420
3688,5421
173,5422
4294,5423
1985,5424
2141,5425
2948,5426
1087,5427
4811,5428
5988,5429
3685,5430
3704,5431
1365,5432
3300,5433
100,5434
2622,5435
3546,5436
264,5437
6,5438
5879,5439
5244,5440
439,5441
2428,5442
4751,5443
4368,5444
5930,5445
4222,5446
2273,5447
1103,5448
377,5449
5495,5450
5352,5451
3635,5452
4786,5453
1781,5454
4144,5455
2612,5456
5129,5457
3335,5458
1602,5459
1415,5460
4973,5461
3532,5462
1300,5463
4891,5464
3645,5465
1498,5466
766,5467
1409,5468
2113,5469
4297,5470
4771,5471
2699,5472
4716,5473
3456,5474
4145,5475
1329,5476
2092,5477
2410,5478
2148,5479
2179,5480
2926,5481
5549,5482
85,5483
5767,5484
3493,5485
6003,5486
963,5487
677,5488
1788,5489
2725,5490
1367,5491
2797,5492
636,5493
5104,5494
2783,5495
4756,5496
194,5497
4533,5498
3295,5499
1155,5500
3285,5501
5752,5502
2419,5503
1010,5504
3844,5505
5545,5506
1371,5507
1956,5508
2322,5509
3841,5510
3413,5511
3327,5512
1806,5513
15,5514
1422,5515
1118,5516
2208,5517
521,5518
5701,5519
2733,5520
2155,5521
2217,5522
1784,5523
4369,5524
1957,5525
1768,5526
2366,5527
1758,5528
1349,5529
1401,5530
5803,5531
4915,5532
5330,5533
4093,5534
4719,5535
590,5536
5594,5537
3312,5538
4425,5539
1347,5540
1112,5541
611,5542
496,5543
463,5544
5187,5545
2901,5546
3925,5547
5170,5548
1163,5549
6014,5550
2224,5551
3194,5552
4913,5553
4470,5554
4033,5555
3522,5556
4802,5557
881,5558
5146,5559
5729,5560
5252,5561
1723,5562
3927,5563
5249,5564
3797,5565
5856,5566
1666,5567
2328,5568
3131,5569
3632,5570
751,5571
4538,5572
4392,5573
1855,5574
499,5575
3907,5576
5519,5577
5433,5578
3630,5579
4078,5580
259,5581
5842,5582
2323,5583
5707,5584
2589,5585
2818,5586
4535,5587
4829,5588
283,5589
1567,5590
2418,5591
675,5592
3459,5593
5231,5594
3596,5595
2487,5596
1038,5597
2889,5598
1586,5599
5675,5600
4647,5601
5313,5602
3782,5603
2360,5604
5276,5605
5889,5606
1076,5607
4102,5608
5920,5609
4890,5610
