0,[4, 7]
1,[0, 1, 8, 14]
2,[0, 1, 7, 14, 16]
3,[0, 1, 13, 14, 16]
4,[0, 1, 14]
5,[0, 7, 16]
6,[0, 14, 15]
7,[0, 14, 15]
8,[4, 14]
9,[7, 15]
10,[0, 1, 4, 14]
11,[0, 1]
12,[5, 7, 15]
13,[15]
14,[0, 7, 16]
15,[4, 13]
16,[0, 1, 4, 13]
17,[7, 16]
18,[5, 9, 12, 15]
19,[4, 13]
20,[3, 7, 8, 14]
21,[0, 1, 8, 14]
22,[4]
23,[7]
24,[0, 5, 7]
25,[4, 13, 16]
26,[4, 10]
27,[5, 7]
28,[0, 14, 15]
29,[0, 14, 15]
30,[0, 10, 14, 15]
31,[0, 1, 14, 15]
32,[0, 15]
33,[0, 7]
34,[0, 14, 15, 16]
35,[9, 14]
36,[1, 2, 9]
37,[1, 4, 7]
38,[5, 15]
39,[3, 4, 7]
40,[4]
41,[0, 14, 16]
42,[1, 4, 14]
43,[7]
44,[1, 3, 7, 11]
45,[7, 12, 14, 15]
46,[0, 1, 14, 15]
47,[2, 3, 4]
48,[0, 10]
49,[0, 5, 7]
50,[7, 13, 16]
51,[0, 15]
52,[5, 7]
53,[0, 15]
54,[0, 13, 15]
55,[0, 1]
56,[0, 4, 5, 7]
57,[4]
58,[2, 3, 4]
59,[4, 13]
60,[7]
61,[7, 13]
62,[4, 7]
63,[0, 1, 12]
64,[4]
65,[0, 14]
66,[7, 14]
67,[4, 8]
68,[4, 8]
69,[4]
70,[7, 13]
71,[7, 14]
72,[1, 7, 17]
73,[7]
74,[0, 1, 14]
75,[4]
76,[4]
77,[0, 1, 5, 7]
78,[4, 7]
79,[0, 14, 15]
80,[0, 4, 17]
81,[0, 7]
82,[4]
83,[0, 1, 4, 13]
84,[4]
85,[7]
86,[7, 14]
87,[0, 14]
88,[4]
89,[4]
90,[0, 4, 14, 15]
91,[14, 16]
92,[4, 13]
93,[0, 4, 7]
94,[7, 13]
95,[4, 7]
96,[2, 3, 4, 11]
97,[0, 1, 4, 13]
98,[0, 4, 11]
99,[0, 1, 15]
100,[4, 13]
101,[7, 12, 15]
102,[7]
103,[2, 3, 4]
104,[4]
105,[7]
106,[7, 15]
107,[0, 15]
108,[1, 3, 4, 8]
109,[0, 1, 14]
110,[0, 14, 15]
111,[2, 4]
112,[10, 15]
113,[7, 13]
114,[5, 15]
115,[0, 1, 14, 15]
116,[0, 7, 16]
117,[7]
118,[0, 7, 16]
119,[7, 15]
120,[10]
121,[4, 13]
122,[4, 10, 11, 14]
123,[14]
124,[0, 5, 14]
125,[7, 13, 16]
126,[7, 15]
127,[0, 1, 14]
128,[4]
129,[4]
130,[4]
131,[4]
132,[4, 10]
133,[9, 12, 15]
134,[4, 5, 8]
135,[7, 15]
136,[7, 16]
137,[4, 8, 13]
138,[0, 1, 14, 16]
139,[0, 14]
140,[4]
141,[4, 14]
142,[7, 13, 16]
143,[4, 7]
144,[4, 14, 17]
145,[7, 16]
146,[5, 15]
147,[4, 5]
148,[0, 15]
149,[0, 7]
150,[7]
151,[0, 5, 7]
152,[0, 1]
153,[0, 1, 14]
154,[4, 13, 15]
155,[2, 3, 11]
156,[4]
157,[4, 17]
158,[4, 7, 11]
159,[0, 1, 14]
160,[7]
161,[7]
162,[0, 7, 16]
163,[0, 1, 13, 15]
164,[0, 1, 14, 15]
165,[4, 7]
166,[4, 16]
167,[4, 5, 12, 15]
168,[4]
169,[5, 7, 14]
170,[0, 15]
171,[10]
172,[4]
173,[4, 7, 16]
174,[7, 14, 15]
175,[0, 15]
176,[0, 4, 14, 16]
177,[0, 5, 13]
178,[10, 14]
179,[0, 14]
180,[10, 13]
181,[5, 7]
182,[2, 3, 11]
183,[0, 1, 15]
184,[0, 1, 13, 16]
185,[0, 15]
186,[12, 15]
187,[4, 5]
188,[4, 13]
189,[7, 13, 15]
190,[1, 3, 4, 8, 14]
191,[9, 12]
192,[2, 3, 4, 11, 13]
193,[0, 14]
194,[4, 7, 13]
195,[0, 1, 4, 5]
196,[7, 16]
197,[0, 1, 15]
198,[3, 4, 11]
199,[0, 4, 5, 7]
200,[0, 13]
201,[1, 8, 14]
202,[0, 1, 10, 15]
203,[4, 14]
204,[7]
205,[0, 1, 14]
206,[0, 7, 16]
207,[17]
208,[12, 14, 15]
209,[3, 4, 11]
210,[4, 7]
211,[4, 7]
212,[0, 1, 14]
213,[4]
214,[7, 13, 16]
215,[0, 15]
216,[4, 13]
217,[0, 1, 13]
218,[4]
219,[7, 13]
220,[4, 7]
221,[0, 13, 16]
222,[0, 15]
223,[0, 1, 8, 14]
224,[4]
225,[7, 13]
226,[0, 1, 15]
227,[4, 8, 13, 14]
228,[4, 13]
229,[4, 7, 13]
230,[7]
231,[0, 1, 4, 10, 14]
232,[2, 3, 11]
233,[0, 5, 15]
234,[7, 16]
235,[7]
236,[4, 10, 11]
237,[4]
238,[4, 7]
239,[7]
240,[7]
241,[4, 7]
242,[0, 1, 14]
243,[4]
244,[0, 10, 14, 15]
245,[5, 7, 13, 15]
246,[0, 4, 5, 10, 15]
247,[4, 7, 13]
248,[14]
249,[1, 4]
250,[4, 13]
251,[0, 5, 13]
252,[0, 15]
253,[4, 7]
254,[12, 15]
255,[0, 14, 17]
256,[4, 14]
257,[0]
258,[0, 7, 14, 15]
259,[0, 1, 15]
260,[10, 15]
261,[4]
262,[10]
263,[5, 7, 9]
264,[7]
265,[10]
266,[0, 1, 14, 15]
267,[11]
268,[2, 4]
269,[12, 15]
270,[4, 7]
271,[9, 14, 15]
272,[4, 13]
273,[0, 7]
274,[1, 7, 13, 14]
275,[2, 3, 4, 11, 13]
276,[0, 13, 15]
277,[4]
278,[0, 15]
279,[0, 5, 7, 15]
280,[4]
281,[7]
282,[0, 1, 4]
283,[4]
284,[7]
285,[0, 1, 14]
286,[4, 13]
287,[4]
288,[4, 7]
289,[4, 13]
290,[4]
291,[4, 7]
292,[7, 13]
293,[4, 5]
294,[1, 16]
295,[5, 10, 12, 15]
296,[0, 15]
297,[4, 13]
298,[7, 15]
299,[0, 17]
300,[7, 15]
301,[4, 13]
302,[4]
303,[4, 11, 13]
304,[0, 12, 13, 15]
305,[4, 7]
306,[0, 1, 10]
307,[4]
308,[0, 14]
309,[0, 5, 15]
310,[0, 7, 16]
311,[4]
312,[0, 4, 17]
313,[0, 4, 5, 7]
314,[0, 1, 8]
315,[15]
316,[0, 15]
317,[4, 6]
318,[10, 15]
319,[14]
320,[0, 1, 14]
321,[0]
322,[4]
323,[8, 14]
324,[4, 7, 13]
325,[0, 15]
326,[4, 7]
327,[4, 7]
328,[4, 13]
329,[0, 10, 14]
330,[0, 1, 4, 5]
331,[5, 15]
332,[4, 10]
333,[0, 5, 7]
334,[0, 15]
335,[7, 13]
336,[7, 13]
337,[0]
338,[7]
339,[4]
340,[4, 5, 7]
341,[4]
342,[9, 15]
343,[0, 1, 4, 5]
344,[2, 3, 11]
345,[11, 13]
346,[7, 15, 16]
347,[0, 1, 10]
348,[7, 12]
349,[4]
350,[7]
351,[11, 13]
352,[12, 15]
353,[4, 14]
354,[0, 10, 15]
355,[7]
356,[5, 15]
357,[3, 4]
358,[4, 14]
359,[0, 7, 8, 13]
360,[0, 10, 14, 15]
361,[0, 1]
362,[4]
363,[7, 10]
364,[0, 1, 14]
365,[0, 13, 15]
366,[0, 7, 15]
367,[15]
368,[10]
369,[7, 16]
370,[0, 1, 14]
371,[1, 15]
372,[7]
373,[5, 7]
374,[5]
375,[1, 8]
376,[0, 14]
377,[7]
378,[5, 7]
379,[4]
380,[4, 7, 13]
381,[1, 3, 8]
382,[6]
383,[10, 14]
384,[4]
385,[10, 15]
386,[7]
387,[3, 8, 14]
388,[0, 16]
389,[7, 13, 16, 17]
390,[7]
391,[0, 1, 7]
392,[4]
393,[1, 3, 8]
394,[0, 5, 15]
395,[0, 15]
396,[7, 16]
397,[4, 13]
398,[1, 3, 8]
399,[4]
400,[1, 16]
401,[4]
402,[7]
403,[4, 7, 13]
404,[4]
405,[7, 15]
406,[4, 7]
407,[11, 13]
408,[15]
409,[0, 1, 5]
410,[5, 7]
411,[4]
412,[7, 15]
413,[4, 13, 15]
414,[4]
415,[7]
416,[7, 11]
417,[4, 13]
418,[7]
419,[7, 13]
420,[4, 13]
421,[3, 4]
422,[2, 3]
423,[4, 13]
424,[0, 1, 4, 13]
425,[10, 13]
426,[4, 12, 15]
427,[7]
428,[0, 4, 5, 7]
429,[10, 12, 15]
430,[4, 13]
431,[0, 14, 15]
432,[4]
433,[4]
434,[4, 5]
435,[2, 3, 4, 11]
436,[4]
437,[7]
438,[4]
439,[0, 5, 13]
440,[4, 11]
441,[14, 15]
442,[2, 4, 15]
443,[4]
444,[7, 12]
445,[7]
446,[0, 13, 14]
447,[0, 1]
448,[4, 13]
449,[0]
450,[2, 3]
451,[7, 16]
452,[4]
453,[0, 14, 15]
454,[3, 4, 8]
455,[0, 14]
456,[7]
457,[15]
458,[0, 15]
459,[11, 13]
460,[0, 14, 15, 17]
461,[7, 16]
462,[7]
463,[15]
464,[7, 12]
465,[4, 10, 15]
466,[4, 5, 7, 12]
467,[4, 7]
468,[10, 14]
469,[0, 7]
470,[7, 9]
471,[0, 15]
472,[0, 7, 13, 15]
473,[7, 13]
474,[0, 1, 14]
475,[5, 7, 12, 15]
476,[4, 5, 15]
477,[7, 14]
478,[0, 5]
479,[4, 13]
480,[7]
481,[0, 1]
482,[0, 1, 2, 10, 14]
483,[7]
484,[4]
485,[0, 14, 15]
486,[4, 13]
487,[4, 7, 13]
488,[14, 15]
489,[4, 10]
490,[0, 1, 14]
491,[0, 1, 8]
492,[7]
493,[1, 4, 14]
494,[7, 13]
495,[4, 7]
496,[0, 1, 5]
497,[0, 5, 14]
498,[4, 5]
499,[4]
500,[4, 13]
501,[0, 14, 15]
502,[4, 16]
503,[2, 3, 8, 11]
504,[7]
505,[4, 7, 17]
506,[4]
507,[7]
508,[7]
509,[2, 3]
510,[7]
511,[0, 5]
512,[0, 4]
513,[7, 12]
514,[12, 13, 15]
515,[4, 13]
516,[2, 11]
517,[7]
518,[2, 3, 11]
519,[10, 12, 15]
520,[1, 3, 8, 14]
521,[4]
522,[0, 4, 16]
523,[5, 7, 13, 15]
524,[0, 1]
525,[7]
526,[0, 1, 5]
527,[14, 15]
528,[4, 17]
529,[2, 3, 11]
530,[10]
531,[4, 10]
532,[0, 14, 16]
533,[0, 1, 12, 14]
534,[2, 3]
535,[7, 13, 16]
536,[0, 15]
537,[7, 15]
538,[0, 1, 14]
539,[0, 13, 15]
540,[1, 2, 3, 4, 8]
541,[0, 4, 17]
542,[7]
543,[7]
544,[7, 13]
545,[4]
546,[7, 14]
547,[4, 15]
548,[7]
549,[4]
550,[4, 7]
551,[0, 7, 16]
552,[7, 10]
553,[7]
554,[7, 13, 16]
555,[1, 3, 8]
556,[17]
557,[5, 9]
558,[10, 14]
559,[4]
560,[10]
561,[7, 13]
562,[0, 1, 4, 10]
563,[7]
564,[4, 7, 13]
565,[4, 7]
566,[1, 8, 13]
567,[0, 14]
568,[4, 13]
569,[1, 4]
570,[7]
571,[1, 14, 15]
572,[9, 12]
573,[0, 13, 15]
574,[1, 3, 14]
575,[1, 2, 14]
576,[4, 13]
577,[0, 3, 8]
578,[4, 14]
579,[4]
580,[4, 7]
581,[0, 1, 4]
582,[4]
583,[4]
584,[2, 3, 11]
585,[2, 3, 11]
586,[0, 7]
587,[3, 4]
588,[0, 17]
589,[7]
590,[7]
591,[3, 4]
592,[5, 7]
593,[4, 11]
594,[4, 13]
595,[4]
596,[4]
597,[7, 12, 15]
598,[5, 9, 15]
599,[4, 7]
600,[10, 14]
601,[4, 10]
602,[2, 3, 11]
603,[0, 1, 14, 15]
604,[0, 1, 14]
605,[4]
606,[7]
607,[7]
608,[7]
609,[4, 13]
610,[10]
611,[4]
612,[5, 7, 14]
613,[5, 15]
614,[0, 7, 16]
615,[4, 7, 13]
616,[7, 13]
617,[0, 4]
618,[4, 7]
619,[0, 14]
620,[2, 3]
621,[0, 12, 14, 15]
622,[2, 3]
623,[15]
624,[4, 7]
625,[0, 5, 12, 15]
626,[5, 7]
627,[7, 15]
628,[7]
629,[0, 5, 14]
630,[5, 7, 12]
631,[6]
632,[2, 3]
633,[4, 13]
634,[15]
635,[0]
636,[1, 7]
637,[7, 15]
638,[0, 15]
639,[7]
640,[7]
641,[9, 15]
642,[4, 13]
643,[7]
644,[10, 14]
645,[12, 15]
646,[7, 13]
647,[4, 7, 13]
648,[4, 7]
649,[0, 14]
650,[4, 13]
651,[1, 13, 14]
652,[7, 8, 13, 15]
653,[0, 1, 7]
654,[7]
655,[10, 15]
656,[7]
657,[10, 12, 15]
658,[0, 1, 14, 15]
659,[2, 4]
660,[0, 16]
661,[4]
662,[7]
663,[4, 7]
664,[0, 5, 7]
665,[7]
666,[2, 4]
667,[4]
668,[7]
669,[1, 4, 11]
670,[1, 4, 13]
671,[12, 14]
672,[9]
673,[1, 2, 3, 4, 11]
674,[4, 7]
675,[7]
676,[7, 13]
677,[15]
678,[0, 14]
679,[4]
680,[4]
681,[5, 7, 9, 15]
682,[0]
683,[0]
684,[0, 15]
685,[4]
686,[0, 1, 4]
687,[7, 15]
688,[4, 13]
689,[0, 14, 15]
690,[7]
691,[7]
692,[4, 14]
693,[4]
694,[10, 15]
695,[7, 13]
696,[1]
697,[7]
698,[7, 12]
699,[2, 3, 11]
700,[7]
701,[1, 2, 14, 15]
702,[0, 1]
703,[4]
704,[10]
705,[4]
706,[7]
707,[7]
708,[7]
709,[7]
710,[0, 15]
711,[4, 13]
712,[9, 12, 15]
713,[10]
714,[15]
715,[4, 13]
716,[0, 7]
717,[9, 13, 15]
718,[4, 7]
719,[4, 12]
720,[4, 13, 15]
721,[11, 16]
722,[2, 3]
723,[4]
724,[7, 16]
725,[0, 4, 8]
726,[2]
727,[1, 2, 3, 14]
728,[0]
729,[7]
730,[0, 14]
731,[7]
732,[1, 3, 14]
733,[0, 15]
734,[4, 11]
735,[4]
736,[4]
737,[7]
738,[4]
739,[4]
740,[4]
741,[7]
742,[4, 7, 13]
743,[4]
744,[4, 7]
745,[7, 13]
746,[7]
747,[7, 16]
748,[4, 13]
749,[0]
750,[1, 7]
751,[14, 15]
752,[0]
753,[4, 7, 16]
754,[0, 5]
755,[10, 15]
756,[7, 15]
757,[4]
758,[0, 13]
759,[15]
760,[4]
761,[4]
762,[4]
763,[0, 1, 17]
764,[0, 14, 15]
765,[4, 7]
766,[7, 13]
767,[7, 10]
768,[0, 15]
769,[5, 7]
770,[4]
771,[4, 8]
772,[1, 4]
773,[4]
774,[15]
775,[4]
776,[4]
777,[0, 14, 15]
778,[4]
779,[4, 13]
780,[10]
781,[7]
782,[4]
783,[10]
784,[7]
785,[10, 14, 15]
786,[0]
787,[2, 3, 4]
788,[1, 14]
789,[7, 13]
790,[17]
791,[7]
792,[7]
793,[12, 15]
794,[0, 16]
795,[0, 7]
796,[15]
797,[0, 1, 15]
798,[2, 11]
799,[7]
800,[4]
801,[0]
802,[7]
803,[0, 15, 16]
804,[5, 7, 15]
805,[4, 7]
806,[7, 16]
807,[4, 13]
808,[4]
809,[4, 17]
810,[0, 7, 13]
811,[7, 13]
812,[7, 14, 15]
813,[2, 3, 11]
814,[4]
815,[4, 5, 10]
816,[4]
817,[4]
818,[14]
819,[0, 12, 15]
820,[7, 15]
821,[7, 13]
822,[7, 11, 16]
823,[4, 7, 13]
824,[4, 7, 13]
825,[1, 14]
826,[13, 15]
827,[0, 15]
828,[4]
829,[4]
830,[0]
831,[4]
832,[7]
833,[7]
834,[4, 7, 14]
835,[4]
836,[2, 3, 11, 13]
837,[7]
838,[0, 7, 12]
839,[7]
840,[3, 4, 14]
841,[7]
842,[3, 4, 8]
843,[0, 1, 13, 15]
844,[12, 15]
845,[7]
846,[0, 1, 12]
847,[5, 9, 12, 15]
848,[12, 15]
849,[0, 1]
850,[5, 7, 15]
851,[0, 14]
852,[0, 7]
853,[0, 4, 16]
854,[4]
855,[4]
856,[5, 7]
857,[0, 4, 13, 15]
858,[4]
859,[0, 1, 3, 4]
860,[14]
861,[4, 10]
862,[11]
863,[4, 16]
864,[4, 7]
865,[4]
866,[0, 10]
867,[0, 4, 17]
868,[2, 3]
869,[4]
870,[5, 7]
871,[4, 14]
872,[4, 13]
873,[0, 13, 15]
874,[4, 5, 15]
875,[7]
876,[13]
877,[17]
878,[4, 13]
879,[0, 14]
880,[4]
881,[4]
882,[3, 4]
883,[2, 3, 8, 16]
884,[7, 13, 16]
885,[0, 7, 13]
886,[10, 15]
887,[7, 16]
888,[0, 1, 7, 13]
889,[0]
890,[7, 13]
891,[3, 4]
892,[9, 15]
893,[4, 13]
894,[4]
895,[7, 16]
896,[7]
897,[7]
898,[3, 4]
899,[0, 4, 11, 14]
900,[7, 13]
901,[0, 14]
902,[7, 16]
903,[1, 3, 8]
904,[7, 13]
905,[4, 10]
906,[4]
907,[7, 13]
908,[4]
909,[1, 8, 13]
910,[10]
911,[15]
912,[0, 4, 7]
913,[4]
914,[7]
915,[0, 15]
916,[4, 7]
917,[7]
918,[1, 7, 15]
919,[0]
920,[4, 7]
921,[0, 4]
922,[7, 13]
923,[0, 7, 16]
924,[7]
925,[4]
926,[4]
927,[4, 7]
928,[0, 1, 3, 14]
929,[4, 13]
930,[0, 15]
931,[7, 15]
932,[1, 14]
933,[14, 15]
934,[7, 12]
935,[4, 7]
936,[1, 7, 13]
937,[4]
938,[5, 7]
939,[15]
940,[0, 1, 2]
941,[4]
942,[2, 3]
943,[5, 7]
944,[13]
945,[7]
946,[7]
947,[7]
948,[2, 3]
949,[7]
950,[11, 13]
951,[0, 14]
952,[3, 4]
953,[3, 4]
954,[7, 16]
955,[10]
956,[15]
957,[4]
958,[4]
959,[3, 7]
960,[10, 14]
961,[4, 10]
962,[1, 5, 14, 15]
963,[0, 15]
964,[4, 12]
965,[7]
966,[7, 13]
967,[0, 1, 14]
968,[7]
969,[0, 13]
970,[4]
971,[10, 14]
972,[7]
973,[7, 13]
974,[4, 7]
975,[7]
976,[14, 15]
977,[7]
978,[0, 5]
979,[4, 13]
980,[4, 7, 13]
981,[4, 7]
982,[7]
983,[0]
984,[7, 11]
985,[17]
986,[12]
987,[14, 15]
988,[1, 2, 3, 11]
989,[4, 13]
990,[7, 13]
991,[7]
992,[0, 15]
993,[0, 5, 15]
994,[4]
995,[1, 17]
996,[1, 3, 11]
997,[0, 15]
998,[15]
999,[4]
1000,[4]
1001,[7]
1002,[4, 8]
1003,[10]
1004,[17]
1005,[11]
1006,[4, 7]
1007,[7]
1008,[4]
1009,[2, 14]
1010,[5, 7]
1011,[4]
1012,[7]
1013,[17]
1014,[0, 14]
1015,[0, 1]
1016,[1]
1017,[0, 1, 10]
1018,[4]
1019,[0, 7]
1020,[5, 9, 15]
1021,[7]
1022,[0, 13, 15]
1023,[7, 15]
1024,[4, 12, 13, 15]
1025,[4, 10]
1026,[4, 7, 13]
1027,[0, 4]
1028,[2, 3, 7, 8]
1029,[4]
1030,[4]
1031,[7, 17]
1032,[10]
1033,[7]
1034,[2, 3, 11]
1035,[4]
1036,[4, 7]
1037,[7]
1038,[7]
1039,[0, 14]
1040,[5, 7, 13]
1041,[4]
1042,[4, 11, 13]
1043,[15]
1044,[4]
1045,[3, 4, 8]
1046,[4]
1047,[7, 12]
1048,[3, 7]
1049,[0, 16]
1050,[4, 15]
1051,[0, 14]
1052,[7]
1053,[4]
1054,[14, 15]
1055,[0, 14]
1056,[7]
1057,[0, 16]
1058,[7]
1059,[4, 7]
1060,[4]
1061,[4, 5]
1062,[0, 5, 7]
1063,[15]
1064,[0]
1065,[7]
1066,[4]
1067,[7]
1068,[4]
1069,[10, 12, 15]
1070,[7]
1071,[7]
1072,[4, 7]
1073,[14]
1074,[6]
1075,[7, 15]
1076,[4, 7]
1077,[4]
1078,[2, 3]
1079,[4]
1080,[5, 9, 12]
1081,[12]
1082,[1, 3, 8]
1083,[4, 11]
1084,[7, 12, 13]
1085,[0, 1, 14, 15, 16]
1086,[3, 4]
1087,[7]
1088,[0, 15]
1089,[0, 7, 15, 16]
1090,[4, 7]
1091,[0, 1]
1092,[2, 3]
1093,[4]
1094,[5]
1095,[0, 1, 7]
1096,[7, 13]
1097,[7, 13]
1098,[4]
1099,[7]
1100,[1, 3, 7]
1101,[4, 7]
1102,[4, 7]
1103,[0, 10, 14]
1104,[10, 14]
1105,[7, 11]
1106,[12, 15]
1107,[0, 10, 14]
1108,[5, 7, 15]
1109,[4, 7]
1110,[14, 15, 16]
1111,[11, 13, 16]
1112,[4, 17]
1113,[10]
1114,[7, 17]
1115,[7, 14]
1116,[2, 3]
1117,[4, 7]
1118,[4]
1119,[6]
1120,[7]
1121,[1, 3, 8, 14]
1122,[1, 3]
1123,[7, 12]
1124,[0]
1125,[4]
1126,[5, 9, 15]
1127,[4, 11]
1128,[4, 11, 13]
1129,[0, 7]
1130,[4, 7]
1131,[2, 4]
1132,[10]
1133,[0, 15]
1134,[4, 13]
1135,[15]
1136,[10, 14]
1137,[10]
1138,[7, 10]
1139,[15]
1140,[11]
1141,[7]
1142,[0, 16]
1143,[4, 7]
1144,[4, 7, 13]
1145,[17]
1146,[4, 13]
1147,[7]
1148,[1, 4]
1149,[6]
1150,[10, 14, 15]
1151,[16]
1152,[3, 7]
1153,[7, 13]
1154,[7]
1155,[10]
1156,[10, 15]
1157,[4]
1158,[3, 4]
1159,[15]
1160,[7]
1161,[7]
1162,[7, 15]
1163,[4, 13]
1164,[4, 7]
1165,[7]
1166,[0, 7]
1167,[7]
1168,[7, 13]
1169,[0, 1, 16]
1170,[0, 7, 15]
1171,[4, 10]
1172,[7]
1173,[4]
1174,[5, 10, 15]
1175,[0, 4]
1176,[0, 7, 15]
1177,[17]
1178,[7, 13]
1179,[7]
1180,[1, 13]
1181,[3, 11]
1182,[10]
1183,[7, 13]
1184,[11]
1185,[7]
1186,[7]
1187,[7]
1188,[1, 3]
1189,[4, 14]
1190,[0, 4]
1191,[0, 1, 8]
1192,[3, 7]
1193,[15]
1194,[4, 7, 13]
1195,[4, 13]
1196,[0, 7, 12, 13, 15]
1197,[1, 3, 4, 11]
1198,[0, 7, 17]
1199,[7]
1200,[7, 13]
1201,[7, 15]
1202,[7]
1203,[7]
1204,[15]
1205,[4]
1206,[4, 13]
1207,[4, 12]
1208,[4]
1209,[7]
1210,[0, 3, 8]
1211,[0]
1212,[4, 11, 13]
1213,[10]
1214,[7, 13]
1215,[0, 5, 12]
1216,[2, 3]
1217,[10, 14]
1218,[4]
1219,[10]
1220,[4, 7, 16]
1221,[3, 4]
1222,[10]
1223,[7, 14]
1224,[7, 12]
1225,[4]
1226,[4]
1227,[17]
1228,[0, 5, 15]
1229,[10, 15]
1230,[4]
1231,[4, 7]
1232,[0, 15]
1233,[15]
1234,[7, 10]
1235,[7]
1236,[7, 16]
1237,[10]
1238,[3, 4]
1239,[7, 10]
1240,[4, 7, 13]
1241,[5, 7]
1242,[5, 7, 15]
1243,[17]
1244,[4]
1245,[4, 13]
1246,[4]
1247,[2, 3]
1248,[4]
1249,[10]
1250,[4]
1251,[1, 3, 13]
1252,[6]
1253,[1, 11]
1254,[10]
1255,[10]
1256,[4, 7, 13]
1257,[7]
1258,[4]
1259,[10]
1260,[7]
1261,[0, 1, 15]
1262,[7, 13]
1263,[1, 7]
1264,[7]
1265,[7, 16]
1266,[4, 13]
1267,[7]
1268,[12]
1269,[5, 7]
1270,[1, 3]
1271,[7, 16]
1272,[4]
1273,[10, 15]
1274,[4, 13]
1275,[14, 15]
1276,[7]
1277,[9, 15]
1278,[0, 4]
1279,[3, 4, 17]
1280,[2, 3]
1281,[1, 3]
1282,[10, 14]
1283,[3, 4]
1284,[0, 2, 3, 14, 15, 16]
1285,[3, 4]
1286,[10]
1287,[7]
1288,[0, 4, 11]
1289,[6]
1290,[7, 13]
1291,[7, 16]
1292,[0, 15]
1293,[7]
1294,[4, 13]
1295,[4, 7]
1296,[7]
1297,[7]
1298,[1, 15]
1299,[4, 13]
1300,[0, 10, 14]
1301,[7, 13]
1302,[4, 13]
1303,[10, 15]
1304,[4]
1305,[1]
1306,[7]
1307,[4]
1308,[7, 11]
1309,[6]
1310,[14]
1311,[1, 3, 8]
1312,[10]
1313,[7, 15]
1314,[7, 16]
1315,[17]
1316,[4]
1317,[1, 3, 4]
1318,[0, 5]
1319,[0]
1320,[0, 5, 7]
1321,[2, 3]
1322,[7, 13]
1323,[0, 15]
1324,[1, 2, 3, 11]
1325,[14, 15]
1326,[7]
1327,[9, 12, 15]
1328,[7]
1329,[16]
1330,[0, 7]
1331,[7]
1332,[4, 7]
1333,[5, 10]
1334,[4, 8]
1335,[10, 14, 15]
1336,[7, 13]
1337,[7]
1338,[4]
1339,[0, 7]
1340,[7, 13, 15]
1341,[4, 14]
1342,[3, 4]
1343,[4]
1344,[4, 5]
1345,[7]
1346,[7]
1347,[4]
1348,[10]
1349,[4]
1350,[0, 10, 14]
1351,[0, 1, 5, 15]
1352,[7]
1353,[4, 7, 17]
1354,[7]
1355,[2, 3]
1356,[7, 13]
1357,[7]
1358,[10]
1359,[7]
1360,[7]
1361,[0, 5]
1362,[7]
1363,[4]
1364,[5, 7]
1365,[7, 15, 16]
1366,[0, 1, 4, 16]
1367,[7]
1368,[3, 10]
1369,[11]
1370,[7]
1371,[7]
1372,[4, 7]
1373,[7, 15]
1374,[4]
1375,[4]
1376,[7]
1377,[4, 13]
1378,[7, 11]
1379,[17]
1380,[4, 13]
1381,[7]
1382,[0, 10]
1383,[4, 13]
1384,[6]
1385,[2, 3, 4]
1386,[4, 7]
1387,[4]
1388,[4, 13]
1389,[7, 17]
1390,[4, 10]
1391,[4, 7]
1392,[4, 13]
1393,[4]
1394,[4, 10]
1395,[4, 10]
1396,[4]
1397,[12, 13, 15]
1398,[0, 15]
1399,[2, 3, 4]
1400,[4]
1401,[4, 7]
1402,[7, 13]
1403,[0, 1, 15]
1404,[15]
1405,[7]
1406,[4]
1407,[0, 14]
1408,[0]
1409,[0]
1410,[7]
1411,[4]
1412,[14, 15]
1413,[7]
1414,[4, 7]
1415,[2, 3, 4]
1416,[4, 13]
1417,[0, 1, 7, 15]
1418,[7]
1419,[7]
1420,[7]
1421,[2, 3]
1422,[4]
1423,[10]
1424,[7, 11]
1425,[7]
1426,[4, 15]
1427,[4]
1428,[7, 15]
1429,[7, 10]
1430,[4, 12, 13, 15]
1431,[10]
1432,[0, 16]
1433,[10, 15]
1434,[7]
1435,[7, 12]
1436,[4]
1437,[4]
1438,[4]
1439,[3, 4, 14]
1440,[7]
1441,[10, 14]
1442,[7]
1443,[2, 3, 4, 11]
1444,[4]
1445,[4, 7, 13]
1446,[4, 13]
1447,[10]
1448,[4, 7]
1449,[7, 16]
1450,[7]
1451,[7]
1452,[4, 7]
1453,[16]
1454,[7, 13]
1455,[4, 13]
1456,[4, 7, 15]
1457,[7]
1458,[3, 4]
1459,[4]
1460,[4]
1461,[10, 15]
1462,[4]
1463,[4]
1464,[15]
1465,[0, 16]
1466,[0]
1467,[4, 11]
1468,[10]
1469,[4]
1470,[0, 7]
1471,[6]
1472,[4]
1473,[11]
1474,[13]
1475,[0, 1]
1476,[4]
1477,[1, 14]
1478,[10, 14]
1479,[7, 15]
1480,[0, 4]
1481,[0, 3, 8]
1482,[4, 5, 7]
1483,[4]
1484,[4, 13]
1485,[11]
1486,[7, 15]
1487,[7]
1488,[4]
1489,[4, 16]
1490,[12, 15]
1491,[5, 15]
1492,[3, 14]
1493,[4, 7]
1494,[4]
1495,[7, 16]
1496,[4, 12]
1497,[15]
1498,[4]
1499,[0, 4]
1500,[4]
1501,[10, 14]
1502,[3, 4]
1503,[10, 15]
1504,[10, 15]
1505,[3, 4]
1506,[4]
1507,[7]
1508,[0, 1, 8]
1509,[7]
1510,[4, 10]
1511,[10, 15]
1512,[6, 16]
1513,[7, 15]
1514,[7]
1515,[4, 7]
1516,[1, 3, 7]
1517,[4]
1518,[3, 4]
1519,[0, 5]
1520,[1, 14]
1521,[4, 14]
1522,[7]
1523,[0, 4]
1524,[5, 15]
1525,[13]
1526,[15]
1527,[4, 13]
1528,[7]
1529,[4, 15]
1530,[10, 14]
1531,[7]
1532,[14, 15]
1533,[15]
1534,[4, 13]
1535,[0, 14]
1536,[4, 7]
1537,[4]
1538,[1, 3, 8]
1539,[1, 3, 4, 8]
1540,[7]
1541,[7]
1542,[7, 8]
1543,[15]
1544,[4, 7]
1545,[4]
1546,[1, 7, 13]
1547,[0, 14]
1548,[15]
1549,[1]
1550,[4, 11, 13]
1551,[4, 7]
1552,[1]
1553,[4, 11]
1554,[10, 15]
1555,[4]
1556,[10]
1557,[4]
1558,[10]
1559,[17]
1560,[3, 7]
1561,[4, 7]
1562,[0, 4]
1563,[7, 10]
1564,[4, 7]
1565,[7, 13]
1566,[4]
1567,[7]
1568,[10]
1569,[7]
1570,[5, 7]
1571,[4, 7]
1572,[13]
1573,[7]
1574,[7, 16]
1575,[10]
1576,[5]
1577,[15]
1578,[10]
1579,[7]
1580,[11]
1581,[7]
1582,[1, 3, 4]
1583,[4]
1584,[7]
1585,[4]
1586,[2, 3, 4, 13]
1587,[2, 3]
1588,[5, 7]
1589,[4]
1590,[4, 7]
1591,[12, 15]
1592,[6]
1593,[4, 15]
1594,[7, 12]
1595,[10]
1596,[5, 7, 13]
1597,[4, 10]
1598,[7]
1599,[7, 13]
1600,[3]
1601,[12, 13, 15]
1602,[7]
1603,[10]
1604,[15]
1605,[7, 16]
1606,[4]
1607,[7]
1608,[4]
1609,[4, 7, 13]
1610,[4]
1611,[4, 11]
1612,[0, 1, 4]
1613,[10, 15]
1614,[4, 7, 13]
1615,[7]
1616,[4]
1617,[2, 3, 11]
1618,[7, 12]
1619,[7]
1620,[3, 8, 11]
1621,[7, 11]
1622,[10, 13]
1623,[4, 13]
1624,[10]
1625,[7]
1626,[7]
1627,[4]
1628,[4, 7, 16]
1629,[4]
1630,[10, 14]
1631,[1, 14]
1632,[10, 14]
1633,[10, 15]
1634,[10, 14]
1635,[7, 13]
1636,[7, 13]
1637,[7]
1638,[7]
1639,[4, 7]
1640,[4]
1641,[10]
1642,[4, 10]
1643,[0]
1644,[6]
1645,[1, 3, 8]
1646,[4, 13]
1647,[4]
1648,[7]
1649,[10, 14, 15]
1650,[4, 7]
1651,[15]
1652,[4]
1653,[6]
1654,[3, 4]
1655,[0, 5, 7, 15]
1656,[4]
1657,[1, 3]
1658,[7]
1659,[7]
1660,[4, 16]
1661,[7]
1662,[7]
1663,[7]
1664,[5, 15]
1665,[0, 3]
1666,[0, 4, 5, 7]
1667,[1, 3]
1668,[7]
1669,[3, 4]
1670,[17]
1671,[7]
1672,[0]
1673,[0, 10, 14]
1674,[0, 7]
1675,[0, 4]
1676,[4, 7, 13]
1677,[4, 7]
1678,[10]
1679,[4, 16]
1680,[5, 9]
1681,[0, 1]
1682,[4]
1683,[4, 10]
1684,[4]
1685,[4]
1686,[7]
1687,[6]
1688,[15]
1689,[4, 10]
1690,[7]
1691,[0, 16]
1692,[4, 13]
1693,[7]
1694,[7, 12]
1695,[10]
1696,[4]
1697,[7]
1698,[10, 15]
1699,[12, 15]
1700,[4]
1701,[7]
1702,[4, 6]
1703,[7]
1704,[4, 13]
1705,[7]
1706,[3, 4]
1707,[0, 1, 13]
1708,[6, 7]
1709,[4, 7]
1710,[7]
1711,[0, 1, 3, 4]
1712,[4, 13]
1713,[12]
1714,[15]
1715,[4]
1716,[4]
1717,[7, 13]
1718,[4, 13]
1719,[0]
1720,[4]
1721,[4, 13]
1722,[0, 7]
1723,[1, 3, 4, 8, 13]
1724,[1, 3, 7]
1725,[15]
1726,[2, 3]
1727,[10]
1728,[0]
1729,[7]
1730,[7, 14]
1731,[4]
1732,[0, 1, 14]
1733,[7]
1734,[0, 1, 7]
1735,[3, 4]
1736,[4]
1737,[6]
1738,[7]
1739,[0]
1740,[4]
1741,[7]
1742,[7, 16]
1743,[7, 15]
1744,[7]
1745,[7, 15]
1746,[0, 5, 15]
1747,[2, 3, 4]
1748,[4]
1749,[7]
1750,[7, 13]
1751,[4]
1752,[4, 13]
1753,[7]
1754,[4]
1755,[0, 12, 15]
1756,[15]
1757,[4]
1758,[7, 13]
1759,[4]
1760,[10]
1761,[4, 7]
1762,[12, 15]
1763,[7, 13]
1764,[4]
1765,[4]
1766,[4, 13]
1767,[0, 1]
1768,[7]
1769,[0]
1770,[10, 14, 15]
1771,[7, 14]
1772,[7]
1773,[7]
1774,[3, 4, 7]
1775,[0, 14]
1776,[2, 3]
1777,[7]
1778,[14]
1779,[0, 1, 8]
1780,[0, 15]
1781,[4]
1782,[7]
1783,[14, 15]
1784,[1, 3, 4]
1785,[12, 15]
1786,[0, 1, 2, 3, 8]
1787,[7]
1788,[0, 1]
1789,[6]
1790,[10]
1791,[7, 13]
1792,[7, 13]
1793,[13]
1794,[4]
1795,[1, 14, 15]
1796,[0, 4]
1797,[10]
1798,[0]
1799,[7]
1800,[6]
1801,[7]
1802,[4, 13]
1803,[7, 13]
1804,[14]
1805,[1, 7]
1806,[4, 11]
1807,[2, 3]
1808,[5, 15]
1809,[4]
1810,[5, 9]
1811,[7]
1812,[6, 11]
1813,[4]
1814,[4, 5]
1815,[4]
1816,[2, 3]
1817,[0, 7, 13, 15]
1818,[7]
1819,[4, 5]
1820,[10]
1821,[0]
1822,[0]
1823,[3, 4]
1824,[4]
1825,[7, 13]
1826,[10]
1827,[7, 15]
1828,[3, 4]
1829,[15]
1830,[7]
1831,[4]
1832,[15]
1833,[7, 15]
1834,[10]
1835,[4]
1836,[0, 4]
1837,[7]
1838,[7]
1839,[7]
1840,[10]
1841,[0, 7]
1842,[7]
1843,[7, 13]
1844,[15]
1845,[2, 3, 11]
1846,[7]
1847,[0, 16]
1848,[5]
1849,[6]
1850,[4]
1851,[0, 1, 15]
1852,[12]
1853,[4, 14]
1854,[3, 4, 12]
1855,[0, 4]
1856,[7]
1857,[1]
1858,[11]
1859,[4]
1860,[4]
1861,[4]
1862,[7]
1863,[4, 13]
1864,[4, 11]
1865,[3, 4]
1866,[7, 15]
1867,[4]
1868,[4, 13]
1869,[7]
1870,[4, 7]
1871,[0, 14]
1872,[4, 7]
1873,[3, 4]
1874,[7, 15]
1875,[7, 13]
1876,[7, 14, 15]
1877,[7, 11]
1878,[3, 4, 8]
1879,[4]
1880,[5, 7]
1881,[4, 13]
1882,[7, 13]
1883,[4]
1884,[0]
1885,[7]
1886,[4]
1887,[7]
1888,[4]
1889,[7]
1890,[4, 7]
1891,[15]
1892,[7, 11]
1893,[5, 15]
1894,[1, 2, 3]
1895,[7, 13]
1896,[7]
1897,[7]
1898,[13, 15]
1899,[10]
1900,[7]
1901,[15]
1902,[3, 4]
1903,[10]
1904,[4, 10]
1905,[7, 12, 13]
1906,[4, 13]
1907,[7]
1908,[12, 15]
1909,[7]
1910,[10]
1911,[7, 15]
1912,[4, 7]
1913,[1, 3, 7]
1914,[10]
1915,[7]
1916,[0, 7]
1917,[10]
1918,[10]
1919,[1, 14]
1920,[3, 4]
1921,[7]
1922,[4]
1923,[2, 11]
1924,[10]
1925,[7]
1926,[3, 4]
1927,[7, 15]
1928,[10, 15]
1929,[10]
1930,[7]
1931,[4]
1932,[7]
1933,[5, 7, 15]
1934,[1, 8, 14]
1935,[9, 15]
1936,[4]
1937,[7]
1938,[0, 1]
1939,[3, 4, 17]
1940,[7]
1941,[5, 15]
1942,[4, 13]
1943,[7, 15]
1944,[7, 13]
1945,[7]
1946,[7]
1947,[4]
1948,[7]
1949,[4]
1950,[10]
1951,[16]
1952,[3, 4]
1953,[7]
1954,[9]
1955,[10, 15]
1956,[9]
1957,[0, 1]
1958,[7, 12, 13]
1959,[0, 14, 15]
1960,[4, 7]
1961,[6]
1962,[0, 7, 16]
1963,[0]
1964,[4]
1965,[7, 13]
1966,[4, 11, 13]
1967,[0, 1, 16]
1968,[10]
1969,[1]
1970,[0, 1]
1971,[10]
1972,[7]
1973,[10]
1974,[1, 3, 4]
1975,[0]
1976,[10, 14]
1977,[0, 16]
1978,[4]
1979,[4, 15]
1980,[7]
1981,[7, 13]
1982,[4, 10]
1983,[4, 11]
1984,[7]
1985,[4, 13]
1986,[7, 13]
1987,[7]
1988,[4, 6]
1989,[5, 7, 15]
1990,[0]
1991,[7]
1992,[10]
1993,[0, 4]
1994,[7, 13]
1995,[10, 12]
1996,[4]
1997,[7]
1998,[10, 15]
1999,[0, 7, 16]
2000,[0, 7, 16]
2001,[4, 10]
2002,[4, 7]
2003,[0, 15]
2004,[7, 13]
2005,[1, 3, 4]
2006,[2, 3]
2007,[3, 4]
2008,[7, 13]
2009,[7]
2010,[4]
2011,[7]
2012,[15]
2013,[7]
2014,[0]
2015,[0, 7, 15]
2016,[10]
2017,[7]
2018,[7]
2019,[2, 3]
2020,[10]
2021,[1, 3, 8]
2022,[7]
2023,[7, 13]
2024,[7]
2025,[4]
2026,[0, 15]
2027,[1, 16]
2028,[7]
2029,[7, 9, 15]
2030,[2, 14]
2031,[1, 7]
2032,[10, 15]
2033,[4, 7]
2034,[14, 15]
2035,[4]
2036,[7]
2037,[10]
2038,[7]
2039,[17]
2040,[7]
2041,[4]
2042,[4]
2043,[4]
2044,[4]
2045,[3, 4]
2046,[10]
2047,[0]
2048,[4]
2049,[4]
2050,[7]
2051,[15]
2052,[0]
2053,[7, 15]
2054,[7]
2055,[7]
2056,[1, 3]
2057,[14]
2058,[5, 15]
2059,[4]
2060,[7]
2061,[3, 4, 12]
2062,[5, 15]
2063,[4]
2064,[6]
2065,[4]
2066,[4]
2067,[7]
2068,[15]
2069,[4]
2070,[0, 3]
2071,[4, 7]
2072,[3, 11]
2073,[0, 5]
2074,[10]
2075,[10]
2076,[4]
2077,[4]
2078,[10, 14, 15]
2079,[7]
2080,[10]
2081,[0, 4]
2082,[1, 7]
2083,[6]
2084,[0, 7]
2085,[0, 14]
2086,[7, 13]
2087,[10]
2088,[4, 16]
2089,[7]
2090,[1, 3]
2091,[15]
2092,[7]
2093,[10]
2094,[7, 13]
2095,[4]
2096,[7]
2097,[7, 13]
2098,[4]
2099,[15]
2100,[5, 15]
2101,[4, 7]
2102,[4]
2103,[4, 7]
2104,[7]
2105,[17]
2106,[4, 13]
2107,[7]
2108,[7, 13]
2109,[10]
2110,[15]
2111,[7]
2112,[7]
2113,[7]
2114,[7, 15]
2115,[4]
2116,[1, 13]
2117,[15]
2118,[6]
2119,[4]
2120,[4]
2121,[3, 7, 8]
2122,[1, 13]
2123,[3, 4]
2124,[7, 16]
2125,[10]
2126,[7]
2127,[7, 12]
2128,[7, 17]
2129,[7]
2130,[7, 13]
2131,[7, 13]
2132,[7, 15]
2133,[7]
2134,[13]
2135,[4, 13]
2136,[7]
2137,[7]
2138,[4]
2139,[7, 13]
2140,[4, 7]
2141,[0, 7]
2142,[7, 10, 15]
2143,[1, 7]
2144,[4]
2145,[4]
2146,[7, 13]
2147,[7]
2148,[4]
2149,[7]
2150,[1, 4]
2151,[7]
2152,[0, 7]
2153,[4, 15]
2154,[7]
2155,[7, 15]
2156,[7, 12]
2157,[7, 13]
2158,[10, 14, 15]
2159,[5]
2160,[4, 10]
2161,[7, 15]
2162,[7]
2163,[6]
2164,[7, 16]
2165,[7, 16]
2166,[4]
2167,[6]
2168,[15]
2169,[7, 13]
2170,[10]
2171,[7]
2172,[4]
2173,[15]
2174,[7]
2175,[0, 16]
2176,[4]
2177,[13]
2178,[0, 7, 15]
2179,[4]
2180,[4, 13]
2181,[7, 16]
2182,[4]
2183,[4]
2184,[7, 11]
2185,[7]
2186,[4, 13]
2187,[4]
2188,[4, 7]
2189,[7, 13]
2190,[10, 15]
2191,[5]
2192,[4]
2193,[7]
2194,[7, 13]
2195,[4]
2196,[15]
2197,[4]
2198,[7]
2199,[10]
2200,[4, 7]
2201,[7]
2202,[4, 13]
2203,[4]
2204,[7]
2205,[10, 15]
2206,[7]
2207,[5, 12]
2208,[0, 1, 15]
2209,[7]
2210,[4, 7]
2211,[3, 7]
2212,[10, 14]
2213,[3, 4]
2214,[4, 13]
2215,[3, 4]
2216,[3, 4]
2217,[5, 7]
2218,[7]
2219,[5, 7, 9]
2220,[7]
2221,[2, 3, 11]
2222,[7]
2223,[7, 13]
2224,[7]
2225,[7]
2226,[4, 7]
2227,[12, 15]
2228,[4]
2229,[7]
2230,[7]
2231,[7]
2232,[4, 7]
2233,[5]
2234,[7]
2235,[1, 4, 14]
2236,[7, 13, 16]
2237,[4]
2238,[7]
2239,[0]
2240,[4]
2241,[0, 1, 4]
2242,[17]
2243,[6, 11]
2244,[0, 7]
2245,[7]
2246,[4]
2247,[4, 11, 13]
2248,[4, 7]
2249,[7]
2250,[10, 14]
2251,[4]
2252,[7]
2253,[7, 15]
2254,[14]
2255,[4, 11]
2256,[4]
2257,[4, 13]
2258,[4]
2259,[10]
2260,[4]
2261,[0, 1, 14]
2262,[7, 13]
2263,[4, 10]
2264,[7]
2265,[7]
2266,[7, 13]
2267,[7]
2268,[4, 7]
2269,[7, 13]
2270,[14]
2271,[7, 15]
2272,[7, 13]
2273,[3, 4]
2274,[7]
2275,[7, 16]
2276,[7, 13]
2277,[4]
2278,[0, 1]
2279,[10]
2280,[15]
2281,[4, 7]
2282,[4, 13]
2283,[4]
2284,[4]
2285,[7]
2286,[4, 13]
2287,[7]
2288,[4, 13]
2289,[7, 13]
2290,[1, 3]
2291,[1, 2, 3, 8]
2292,[7]
2293,[17]
2294,[4]
2295,[1, 3]
2296,[4, 12, 13]
2297,[4]
2298,[7]
2299,[0]
2300,[7]
2301,[10, 15]
2302,[7]
2303,[0, 5]
2304,[7, 15]
2305,[7, 8]
2306,[4]
2307,[0]
2308,[4]
2309,[7]
2310,[0, 4]
2311,[4]
2312,[7]
2313,[4]
2314,[7]
2315,[7]
2316,[7]
2317,[4]
2318,[7]
2319,[14]
2320,[4, 10, 14]
2321,[10]
2322,[7, 16]
2323,[4]
2324,[1, 3, 7]
2325,[4, 10]
2326,[0, 4]
2327,[7]
2328,[4]
2329,[4]
2330,[7, 15]
2331,[4]
2332,[10]
2333,[4]
2334,[7]
2335,[4]
2336,[4]
2337,[4, 13]
2338,[14]
2339,[4, 7, 13]
2340,[4]
2341,[4]
2342,[4]
2343,[13, 16]
2344,[10]
2345,[1, 3, 8, 14]
2346,[7]
2347,[7]
2348,[4, 7]
2349,[10]
2350,[10]
2351,[15]
2352,[13, 17]
2353,[7]
2354,[4]
2355,[4, 17]
2356,[7]
2357,[10]
2358,[7]
2359,[4, 10]
2360,[1, 3]
2361,[7]
2362,[6]
2363,[7, 13, 14]
2364,[6]
2365,[10, 14]
2366,[7, 10]
2367,[0]
2368,[7]
2369,[10]
2370,[10]
2371,[7]
2372,[4, 7]
2373,[0, 15]
2374,[7]
2375,[6]
2376,[7]
2377,[7]
2378,[0, 7]
2379,[7, 13]
2380,[7]
2381,[1, 4]
2382,[4]
2383,[7]
2384,[7]
2385,[1, 3]
2386,[7]
2387,[15]
2388,[15]
2389,[4, 13]
2390,[4]
2391,[7]
2392,[0, 4, 7]
2393,[6]
2394,[4]
2395,[7]
2396,[7, 15]
2397,[7]
2398,[7]
2399,[13]
2400,[14]
2401,[7]
2402,[10, 14, 15]
2403,[7]
2404,[0, 16]
2405,[0, 1, 10]
2406,[17]
2407,[4]
2408,[15]
2409,[7]
2410,[5]
2411,[4, 10]
2412,[13]
2413,[7]
2414,[3, 4]
2415,[4]
2416,[0, 5, 13]
2417,[7]
2418,[15]
2419,[15]
2420,[13, 16]
2421,[10]
2422,[5, 7]
2423,[7]
2424,[0, 15]
2425,[7]
2426,[10, 14]
2427,[0, 16]
2428,[7]
2429,[1, 3, 7, 13]
2430,[7]
2431,[7]
2432,[1, 3]
2433,[7]
2434,[4]
2435,[4]
2436,[4]
2437,[4]
2438,[15]
2439,[10]
2440,[11]
2441,[4]
2442,[2, 3]
2443,[4]
2444,[10]
2445,[1, 3, 4]
2446,[7]
2447,[10, 14, 15]
2448,[7, 15]
2449,[0, 1, 15]
2450,[15]
2451,[7]
2452,[7]
2453,[4, 10]
2454,[6]
2455,[4]
2456,[1, 3]
2457,[6]
2458,[14]
2459,[7, 12]
2460,[7]
2461,[7]
2462,[4]
2463,[4]
2464,[4, 10]
2465,[7]
2466,[5, 7]
2467,[10]
2468,[7]
2469,[10]
2470,[7]
2471,[7, 13]
2472,[7, 15]
2473,[4]
2474,[7]
2475,[10]
2476,[7]
2477,[4]
2478,[7]
2479,[7]
2480,[12, 14]
2481,[7]
2482,[7]
2483,[4]
2484,[7]
2485,[7]
2486,[10]
2487,[7, 11]
2488,[4, 8]
2489,[10]
2490,[10]
2491,[7]
2492,[0, 15]
2493,[15]
2494,[7]
2495,[4]
2496,[15]
2497,[17]
2498,[7]
2499,[7]
2500,[10]
2501,[7]
2502,[4]
2503,[4, 7]
2504,[13]
2505,[7]
2506,[7]
2507,[7]
2508,[6]
2509,[4]
2510,[1, 4]
2511,[4]
2512,[7]
2513,[7, 17]
2514,[4]
2515,[4, 13]
2516,[11]
2517,[7, 13]
2518,[7]
2519,[4]
2520,[0, 5]
2521,[15]
2522,[4]
2523,[4]
2524,[15]
2525,[6]
2526,[4, 13]
2527,[7]
2528,[4]
2529,[5]
2530,[7]
2531,[15]
2532,[7]
2533,[5, 15]
2534,[4, 7, 13]
2535,[7]
2536,[0, 7]
2537,[7, 13]
2538,[0]
2539,[7]
2540,[7, 13]
2541,[4, 13]
2542,[4]
2543,[15]
2544,[2, 3]
2545,[5, 7]
2546,[7, 13]
2547,[4]
2548,[0, 3]
2549,[5, 7, 15]
2550,[13]
2551,[0]
2552,[4]
2553,[7]
2554,[4]
2555,[10]
2556,[1, 3]
2557,[7]
2558,[6]
2559,[10]
2560,[5, 7, 15]
2561,[10]
2562,[12, 15]
2563,[7]
2564,[4]
2565,[0, 15]
2566,[4, 6]
2567,[7, 13]
2568,[4]
2569,[4]
2570,[7]
2571,[4, 13]
2572,[4, 13]
2573,[4, 13]
2574,[6]
2575,[7]
2576,[15]
2577,[0, 4]
2578,[7, 13, 16]
2579,[4, 13]
2580,[4, 7]
2581,[4]
2582,[10]
2583,[7]
2584,[4, 7]
2585,[4, 13]
2586,[7, 16]
2587,[7]
2588,[0, 1, 3]
2589,[7]
2590,[7]
2591,[7]
2592,[3, 4, 7]
2593,[0, 5]
2594,[7, 15]
2595,[0, 10, 14]
2596,[7]
2597,[7]
2598,[0, 1, 3, 8]
2599,[6]
2600,[4, 13, 14]
2601,[4]
2602,[7]
2603,[3, 7, 8]
2604,[4, 13]
2605,[2, 3]
2606,[15]
2607,[7]
2608,[1, 3]
2609,[7, 15]
2610,[10]
2611,[7, 13]
2612,[1, 2, 3]
2613,[7]
2614,[4]
2615,[4]
2616,[16]
2617,[16]
2618,[3, 7]
2619,[7]
2620,[0, 7]
2621,[10]
2622,[4, 13]
2623,[7, 15]
2624,[0, 1]
2625,[5]
2626,[4, 13]
2627,[7, 16]
2628,[7]
2629,[10]
2630,[7]
2631,[1]
2632,[10]
2633,[4]
2634,[3]
2635,[15]
2636,[4, 17]
2637,[10]
2638,[4]
2639,[5, 7]
2640,[6]
2641,[14]
2642,[3, 4]
2643,[0, 4, 5]
2644,[6]
2645,[7]
2646,[6]
2647,[7]
2648,[7, 13]
2649,[17]
2650,[7]
2651,[12, 15]
2652,[2, 12]
2653,[7]
2654,[4]
2655,[7, 13]
2656,[2, 3]
2657,[0]
2658,[4]
2659,[5, 7]
2660,[7, 13]
2661,[0, 4, 5, 7]
2662,[7]
2663,[7]
2664,[4]
2665,[4]
2666,[3, 4]
2667,[4, 7, 13]
2668,[4]
2669,[1, 3]
2670,[4, 13]
2671,[4, 7]
2672,[4]
2673,[10]
2674,[7]
2675,[6]
2676,[7, 13]
2677,[4]
2678,[7]
2679,[4]
2680,[4]
2681,[15]
2682,[0]
2683,[7]
2684,[7]
2685,[7]
2686,[7]
2687,[7]
2688,[14, 15]
2689,[0, 1]
2690,[4]
2691,[0, 7]
2692,[4]
2693,[0, 1]
2694,[0, 7]
2695,[4]
2696,[10, 15]
2697,[7]
2698,[13]
2699,[4, 11]
2700,[4, 7, 13]
2701,[1, 3]
2702,[7]
2703,[4]
2704,[4]
2705,[4, 16]
2706,[3]
2707,[7]
2708,[2, 3, 11]
2709,[4, 7]
2710,[4]
2711,[3, 7]
2712,[3, 4]
2713,[4, 7]
2714,[4]
2715,[7]
2716,[7]
2717,[7, 13]
2718,[10]
2719,[1, 3, 7]
2720,[10]
2721,[5, 7, 13]
2722,[11]
2723,[4, 13]
2724,[6]
2725,[7]
2726,[10]
2727,[7, 13]
2728,[4, 5, 7]
2729,[4]
2730,[6]
2731,[4, 7]
2732,[7]
2733,[4]
2734,[4, 7]
2735,[0, 7]
2736,[5, 7]
2737,[16]
2738,[4, 7, 13]
2739,[6]
2740,[7]
2741,[5, 9]
2742,[7]
2743,[0, 4]
2744,[7]
2745,[7, 13]
2746,[2, 3, 11]
2747,[4, 7]
2748,[4]
2749,[11]
2750,[4, 13]
2751,[1]
2752,[7]
2753,[4, 7]
2754,[4, 7]
2755,[10]
2756,[7]
2757,[7]
2758,[7]
2759,[6]
2760,[0, 1, 7]
2761,[4, 7]
2762,[10]
2763,[10]
2764,[7]
2765,[4]
2766,[1]
2767,[4, 14]
2768,[4]
2769,[7, 13]
2770,[17]
2771,[16]
2772,[6]
2773,[7]
2774,[4, 7]
2775,[7]
2776,[0, 7]
2777,[7]
2778,[3, 4]
2779,[4]
2780,[7]
2781,[7, 16]
2782,[4, 7]
2783,[15]
2784,[4, 7]
2785,[11]
2786,[1, 3]
2787,[7]
2788,[6]
2789,[10]
2790,[7, 15]
2791,[7]
2792,[9, 15]
2793,[5]
2794,[4]
2795,[7]
2796,[7, 13]
2797,[4]
2798,[7]
2799,[4, 13]
2800,[0]
2801,[9]
2802,[1, 3]
2803,[7]
2804,[7]
2805,[4, 13]
2806,[7]
2807,[7]
2808,[7]
2809,[10]
2810,[1, 3]
2811,[7]
2812,[10, 15]
2813,[9]
2814,[6]
2815,[2, 4, 15]
2816,[7]
2817,[7]
2818,[7, 13]
2819,[10]
2820,[1, 11, 13]
2821,[4, 7]
2822,[7]
2823,[13]
2824,[10]
2825,[4, 13]
2826,[7, 13]
2827,[7]
2828,[7]
2829,[7]
2830,[3, 4]
2831,[7]
2832,[15]
2833,[7]
2834,[7]
2835,[5, 7]
2836,[5, 9, 15]
2837,[15]
2838,[7]
2839,[2, 3]
2840,[7]
2841,[3, 7]
2842,[7, 8]
2843,[17]
2844,[7]
2845,[15]
2846,[7]
2847,[4, 13]
2848,[7]
2849,[0, 5]
2850,[1, 3]
2851,[7, 13, 17]
2852,[7]
2853,[15]
2854,[7]
2855,[6]
2856,[4]
2857,[7]
2858,[13, 15]
2859,[4, 7]
2860,[10]
2861,[14]
2862,[7]
2863,[14]
2864,[4]
2865,[7]
2866,[5, 7]
2867,[4]
2868,[7]
2869,[7]
2870,[7, 15]
2871,[17]
2872,[10]
2873,[0, 1]
2874,[5]
2875,[7]
2876,[4, 7]
2877,[7, 16]
2878,[7]
2879,[7]
2880,[12]
2881,[10]
2882,[3, 8]
2883,[6]
2884,[4, 13]
2885,[4, 7, 13]
2886,[13]
2887,[0]
2888,[2, 3]
2889,[10]
2890,[6]
2891,[7]
2892,[4, 13]
2893,[10, 14]
2894,[4, 7, 13]
2895,[6]
2896,[7, 13]
2897,[7]
2898,[7]
2899,[7]
2900,[10]
2901,[7]
2902,[7]
2903,[7, 13]
2904,[4]
2905,[4, 13]
2906,[7]
2907,[7]
2908,[4, 7]
2909,[10, 14]
2910,[10, 14, 15]
2911,[4]
2912,[15]
2913,[12, 15]
2914,[7, 17]
2915,[5, 15]
2916,[4]
2917,[1, 3]
2918,[7]
2919,[10]
2920,[7]
2921,[4, 10, 15]
2922,[10]
2923,[4, 10, 15]
2924,[7]
2925,[10]
2926,[7, 13]
2927,[7, 13]
2928,[7]
2929,[4]
2930,[4]
2931,[4, 5, 15]
2932,[7]
2933,[10]
